Rep	Year	RepSeason	NInds	NOccupCells	Occup/Suit	min_X	max_X	min_Y	max_Y
0	0	0	30	6	0.00189753	8900	9300	8000	8300
0	1	0	41	6	0.00189753	8900	9300	8000	8300
0	2	0	42	6	0.00189934	8900	9300	8000	8300
0	3	0	37	5	0.00158278	9000	9300	8000	8300
0	4	0	44	5	0.00158278	9000	9300	8000	8300
0	5	0	47	7	0.00221659	9000	9300	7200	8300
0	6	0	39	7	0.002218	8700	9300	7200	8300
0	7	0	46	8	0.00253245	8700	9300	7200	8300
0	8	0	44	9	0.0028445	8700	9300	7000	8300
0	9	0	47	11	0.00347881	8700	9300	7200	8300
0	10	0	51	13	0.00410742	8700	9300	7100	8300
0	11	0	47	15	0.00474083	8900	9300	6900	8300
0	12	0	56	13	0.00410872	8900	9300	6900	8300
0	13	0	68	13	0.00411262	8800	9300	6900	8300
0	14	0	64	13	0.00411392	8900	9300	6900	8300
0	15	0	61	13	0.00411523	8800	9700	6700	8300
0	16	0	71	13	0.00411653	8800	9700	6700	8300
0	17	0	80	15	0.00475135	8500	9700	6700	8300
0	18	0	89	18	0.00570162	8500	9800	6700	8300
0	19	0	77	19	0.00601647	8500	9700	6700	8300
0	20	0	93	23	0.00727848	8500	9700	6700	8300
0	21	0	103	29	0.00918012	8500	9800	6400	8300
0	22	0	123	34	0.0107629	8500	9800	6400	8300
0	23	0	139	41	0.0129829	8500	9700	6400	8300
0	24	0	172	47	0.0148828	8400	9900	6400	8300
0	25	0	207	51	0.0161648	8400	9700	6400	8300
0	26	0	225	59	0.0187005	8100	9700	6300	8300
0	27	0	251	65	0.0206022	8200	9900	6300	8300
0	28	0	279	64	0.0202981	8200	9900	6200	8300
0	29	0	280	71	0.0225111	8200	9900	6100	8300
0	30	0	327	78	0.0247619	8200	9900	6100	8300
0	31	0	374	86	0.0273189	8200	10100	6100	8300
0	32	0	424	95	0.0301875	8200	10100	6000	8300
0	33	0	506	109	0.0346692	8200	10100	5900	8300
0	34	0	555	129	0.0411746	8200	10100	5900	8300
0	35	0	576	139	0.04448	8000	10100	5900	8300
0	36	0	683	157	0.0503366	8000	10100	5900	8300
0	37	0	810	170	0.0545746	7700	10100	5900	8300
0	38	0	896	183	0.0589372	7700	10100	5900	8300
0	39	0	979	200	0.0647249	7700	10200	5900	8300
0	40	0	1065	213	0.0690661	7700	10300	5900	8300
0	41	0	1133	218	0.0709404	7600	10300	5900	8300
0	42	0	1221	240	0.0783034	7600	10300	5900	8300
0	43	0	1388	253	0.0827609	7600	10300	5900	8300
0	44	0	1477	273	0.0894789	7600	10500	5600	8300
0	45	0	1680	297	0.0974729	7500	10800	5600	8300
0	46	0	1753	310	0.10194	7500	10800	5600	8300
0	47	0	1862	327	0.10785	7300	10800	5600	8300
0	48	0	2015	337	0.111258	7300	10400	5600	8300
0	49	0	2087	347	0.114559	7300	10300	5600	8300
0	50	0	2188	361	0.119299	7300	10400	5600	8300
0	51	0	2260	375	0.124131	7300	10700	5600	8300
0	52	0	2301	379	0.125663	7300	10700	5600	8300
0	53	0	2373	384	0.127575	7300	10700	5600	8300
0	54	0	2429	400	0.133023	7200	10700	5600	8300
0	55	0	2597	411	0.137	7200	10700	5600	8300
0	56	0	2574	406	0.135695	7200	10700	5600	8300
0	57	0	2691	414	0.138926	7200	10700	5700	8300
0	58	0	2821	426	0.143531	7200	10700	5600	8300
0	59	0	3003	432	0.145897	7200	10700	5600	8300
0	60	0	3085	438	0.148676	7200	10700	5600	8300
0	61	0	3192	445	0.151618	7200	10700	5600	8300
0	62	0	3367	445	0.152033	7200	10700	5600	8300
0	63	0	3337	448	0.153688	7300	10700	5600	8300
0	64	0	3352	457	0.157913	7300	10700	5600	8300
0	65	0	3330	456	0.158333	7300	10700	5600	8300
0	66	0	3465	465	0.162417	7300	10700	5600	8300
0	67	0	3506	469	0.164619	7300	10800	5600	8300
0	68	0	3550	473	0.166843	7300	10800	5600	8300
0	69	0	3616	472	0.167021	7300	10800	5600	8300
0	70	0	3687	477	0.169149	7300	10800	5600	8300
0	71	0	3822	478	0.170046	7300	10800	5600	8300
0	72	0	3755	478	0.170592	7300	10800	5600	8300
0	73	0	3801	480	0.172228	7200	10800	5600	8300
0	74	0	3836	479	0.172426	7300	10800	5600	8300
0	75	0	3878	481	0.173458	7300	10800	5600	8300
0	76	0	3859	479	0.173174	7300	10800	5600	8300
0	77	0	3811	486	0.175959	7300	10800	5600	8300
0	78	0	3803	487	0.176641	7300	10800	5600	8300
0	79	0	3694	485	0.176428	7300	10800	5600	8300
0	80	0	3656	487	0.177478	7300	10800	5600	8300
0	81	0	3760	485	0.176943	7300	10800	5600	8300
0	82	0	3826	486	0.177697	7300	10900	5600	8300
0	83	0	3795	483	0.177053	7200	10800	5600	8300
0	84	0	3837	483	0.177378	7300	10800	5600	8300
0	85	0	3822	487	0.17911	7100	10800	5600	8300
0	86	0	3731	487	0.179374	7100	10800	5600	8300
0	87	0	3823	489	0.180177	7100	10800	5600	8300
0	88	0	3838	491	0.181248	7100	10800	5600	8300
0	89	0	3896	487	0.179771	7100	10800	5600	8300
0	90	0	3944	495	0.182792	7100	10800	5600	8300
0	91	0	3894	492	0.181953	7100	10800	5600	8300
0	92	0	3883	496	0.183568	7100	10800	5600	8300
0	93	0	3877	494	0.183031	7100	10800	5600	8300
0	94	0	3850	492	0.182425	7100	10800	5600	8300
0	95	0	3976	490	0.182021	7100	10800	5600	8300
0	96	0	3982	487	0.181311	7100	10900	5600	8300
0	97	0	4078	484	0.180395	7100	10800	5600	8300
0	98	0	4112	488	0.182022	7100	10800	5600	8300
0	99	0	3993	484	0.181138	7100	10800	5600	8300
0	100	0	3900	487	0.182397	7100	10800	5600	8300
0	101	0	3898	492	0.184893	7100	10800	5600	8300
0	102	0	4041	496	0.186888	7100	10800	5600	8300
0	103	0	3985	490	0.185255	7100	10800	5600	8300
0	104	0	4049	493	0.186672	7100	10800	5600	8300
0	105	0	4097	489	0.185508	7100	10800	5600	8300
0	106	0	4091	491	0.186692	7100	10800	5600	8300
0	107	0	3925	491	0.187048	7100	10800	5600	8300
0	108	0	3892	496	0.189241	7100	10800	5600	8300
0	109	0	3881	496	0.189458	7100	10900	5600	8300
0	110	0	3957	496	0.189966	7100	10900	5600	8300
0	111	0	3941	494	0.189781	7100	10900	5600	8300
0	112	0	3878	494	0.190146	7100	10900	5600	8300
0	113	0	3868	494	0.190439	7100	10900	5600	8300
0	114	0	3893	494	0.19066	7100	10900	5600	8300
0	115	0	3878	490	0.189335	7100	10900	5600	8300
0	116	0	3872	488	0.189147	7100	10900	5600	8300
0	117	0	3824	486	0.188518	7100	10900	5600	8300
0	118	0	3729	485	0.188423	7100	10900	5600	8300
0	119	0	3772	485	0.188863	7100	10900	5600	8300
0	120	0	3869	483	0.188231	7100	10900	5600	8300
0	121	0	3799	486	0.189622	7100	10900	5600	8300
0	122	0	3880	484	0.18921	7100	10900	5600	8300
0	123	0	3888	482	0.18865	7100	10900	5600	8300
0	124	0	3888	481	0.188776	7100	10900	5600	8300
0	125	0	3835	480	0.188753	7100	10900	5600	8300
0	126	0	3829	479	0.188434	7100	10900	5600	8300
0	127	0	3784	473	0.186735	7100	10900	5600	8300
0	128	0	3735	477	0.188836	7100	10900	5600	8300
0	129	0	3609	470	0.186656	7100	10900	5600	8300
0	130	0	3657	474	0.188845	7100	10900	5600	8300
0	131	0	3632	476	0.189717	7100	10900	5600	8300
0	132	0	3662	469	0.18745	7100	10900	5600	8300
0	133	0	3651	463	0.185423	7100	10900	5600	8300
0	134	0	3513	462	0.185468	7100	10900	5600	8300
0	135	0	3506	465	0.187047	7100	10900	5600	8300
0	136	0	3581	459	0.185006	7100	10900	5600	8300
0	137	0	3639	465	0.187651	7100	10900	5600	8300
0	138	0	3630	464	0.187475	7100	10900	5600	8300
0	139	0	3586	461	0.18664	7100	10900	5600	8300
0	140	0	3654	464	0.187854	7100	10900	5600	8300
