Rep	Year	RepSeason	NInds	NOccupCells	Occup/Suit	min_X	max_X	min_Y	max_Y
0	0	0	10	2	0.000625391	9000	9100	8000	8200
0	1	0	14	2	0.000625195	9000	9100	8000	8200
0	2	0	14	4	0.00125039	9000	9500	7700	8300
0	3	0	18	5	0.00156299	8900	9300	8000	8300
0	4	0	15	5	0.00156299	8900	9300	8000	8300
0	5	0	13	4	0.00124961	8900	9300	8000	8300
0	6	0	19	5	0.00156299	9000	9300	8000	8300
0	7	0	12	4	0.00125078	9000	9300	8000	8300
0	8	0	13	4	0.00125039	9000	9300	8000	8300
0	9	0	20	4	0.00125039	9000	9300	8000	8300
0	10	0	17	2	0.000624805	9100	9300	8100	8300
0	11	0	20	2	0.00062461	9100	9300	8100	8300
0	12	0	18	2	0.000624805	9100	9300	8100	8300
0	13	0	22	2	0.00062461	9100	9300	8100	8300
0	14	0	23	3	0.0009375	9100	9300	7800	8300
0	15	0	16	3	0.000938086	9100	9300	7900	8300
0	16	0	15	3	0.000939261	9100	9300	7900	8300
0	17	0	16	3	0.000940439	9100	9300	7900	8300
0	18	0	17	4	0.0012551	9000	9300	7900	8300
0	19	0	17	4	0.00125589	9000	9300	8000	8300
0	20	0	30	5	0.0015758	9000	9300	8000	8300
0	21	0	36	6	0.00189573	9000	9300	7800	8300
0	22	0	29	6	0.00190235	9000	9300	7800	8300
0	23	0	24	5	0.00158932	8900	9300	7700	8300
0	24	0	25	5	0.00160051	8900	9300	7700	8300
0	25	0	23	4	0.00128452	9100	9300	8000	8300
0	26	0	23	4	0.00129199	9100	9300	8000	8300
0	27	0	22	5	0.00161917	9100	9300	7800	8300
0	28	0	18	6	0.00195185	8500	9300	7600	8300
0	29	0	27	5	0.00163026	8500	9300	7600	8300
0	30	0	23	5	0.00163506	8500	9300	7600	8300
0	31	0	22	5	0.00163773	8500	9300	7600	8300
0	32	0	19	6	0.00197174	8500	9300	7600	8300
0	33	0	20	5	0.00164474	9000	9300	7900	8300
0	34	0	25	7	0.00231023	9000	9300	7900	8300
0	35	0	25	6	0.00198741	9000	9300	7900	8300
0	36	0	23	7	0.00232481	9000	9300	7600	8300
0	37	0	44	9	0.002999	9000	9300	7600	8300
0	38	0	44	11	0.00367156	9000	9300	7600	8300
0	39	0	63	11	0.00367893	8500	9300	7600	8300
0	40	0	61	11	0.00368633	8500	9300	7600	8300
0	41	0	53	12	0.00402145	8500	9300	7600	8300
0	42	0	50	13	0.00436388	8500	9300	7400	8300
0	43	0	55	14	0.00470114	8500	9300	7400	8300
0	44	0	47	16	0.00537996	8400	9700	7400	8300
0	45	0	54	18	0.00605653	8400	9700	7100	8300
0	46	0	64	19	0.00639946	8400	9700	7100	8300
0	47	0	56	18	0.00606878	8400	9700	7100	8300
0	48	0	59	18	0.00606878	8400	9700	7400	8300
0	49	0	80	19	0.00640809	8400	9700	7500	8300
0	50	0	97	21	0.00708024	8400	9700	7400	8300
0	51	0	110	22	0.00742992	8400	9800	7400	8300
0	52	0	128	29	0.0097973	8100	9800	6900	8300
0	53	0	121	35	0.0118323	8100	9800	6900	8300
0	54	0	143	33	0.0111637	8400	9800	7100	8300
0	55	0	148	35	0.0118483	8100	9800	7100	8300
0	56	0	161	38	0.0128683	7800	9800	6900	8300
0	57	0	169	40	0.0135639	7800	10100	6400	8300
0	58	0	188	49	0.0166271	7800	10100	6400	8300
0	59	0	198	52	0.0176451	7800	10100	7100	8300
0	60	0	220	60	0.0203874	7600	10300	7100	8300
0	61	0	255	67	0.0227814	7600	10100	7100	8300
0	62	0	268	68	0.0231529	7600	10100	7000	8300
0	63	0	290	68	0.0232003	7600	10100	6600	8300
0	64	0	362	75	0.0256235	7600	10200	6600	8300
0	65	0	390	86	0.029442	7600	10200	6600	8300
0	66	0	380	97	0.0333219	7600	10200	6200	8300
0	67	0	422	96	0.0330692	7600	10200	6200	8300
0	68	0	475	106	0.0365896	7400	10200	6200	8300
0	69	0	493	114	0.0394191	7400	10200	6200	8300
0	70	0	518	126	0.0437196	7400	10200	5800	8300
0	71	0	611	133	0.0462931	7400	10300	5800	8300
0	72	0	685	147	0.0514706	7400	10300	5800	8300
0	73	0	732	159	0.0559662	7400	10400	5800	8300
0	74	0	789	163	0.0576379	7400	10400	5800	8300
0	75	0	876	173	0.061522	7400	10600	5800	8300
0	76	0	931	179	0.0640888	7400	10600	5800	8300
0	77	0	979	195	0.0700935	7400	10400	5800	8300
0	78	0	1117	218	0.0785303	7400	10500	5800	8300
0	79	0	1231	220	0.0796524	7400	10400	5800	8300
0	80	0	1257	247	0.0898182	7400	10600	5800	8300
0	81	0	1316	253	0.0925723	7500	10500	5700	8300
0	82	0	1422	258	0.0947832	7500	10500	5700	8300
0	83	0	1478	259	0.0956072	7500	10500	5700	8300
0	84	0	1602	273	0.10085	7400	10500	5700	8300
0	85	0	1641	279	0.103525	7500	10500	5700	8300
0	86	0	1769	284	0.105655	7500	10500	5700	8300
0	87	0	1813	301	0.112188	7300	10500	5700	8300
0	88	0	1847	311	0.116175	7300	10600	5700	8300
0	89	0	1903	316	0.118308	7300	10600	5700	8300
0	90	0	1965	317	0.118949	7300	10700	5700	8300
0	91	0	1987	324	0.12185	7300	10700	5700	8300
0	92	0	2074	328	0.12354	7300	10700	5700	8300
0	93	0	2133	334	0.126085	7300	10800	5700	8300
0	94	0	2168	329	0.124386	7300	10800	5700	8300
0	95	0	2226	332	0.125662	7300	10800	5600	8300
0	96	0	2285	334	0.126563	7300	10800	5600	8300
0	97	0	2384	344	0.130402	7300	10800	5600	8300
0	98	0	2348	342	0.129939	7200	10800	5600	8300
0	99	0	2456	356	0.135361	7200	10800	5600	8300
0	100	0	2493	361	0.137471	7200	10800	5600	8300
0	101	0	2640	361	0.137734	7200	10800	5600	8300
0	102	0	2557	361	0.137997	7200	10800	5600	8300
0	103	0	2547	364	0.13925	7200	10800	5600	8300
0	104	0	2626	373	0.142912	7200	10800	5600	8300
0	105	0	2578	380	0.146042	7200	10800	5600	8300
0	106	0	2543	382	0.147036	7200	10900	5600	8300
0	107	0	2652	393	0.151503	7200	10900	5600	8300
0	108	0	2703	393	0.151972	7200	10900	5600	8300
0	109	0	2731	397	0.153995	7200	10900	5600	8300
0	110	0	2803	397	0.154535	7200	10900	5600	8300
0	111	0	2868	404	0.157874	7100	10900	5600	8300
0	112	0	2851	406	0.158966	7100	10900	5600	8300
0	113	0	2945	408	0.160188	7200	10900	5600	8300
0	114	0	2941	409	0.16096	7200	10900	5600	8300
0	115	0	2894	410	0.1618	7200	10900	5600	8300
0	116	0	2887	408	0.161201	7200	10800	5600	8300
0	117	0	3001	410	0.162376	7200	10800	5600	8300
0	118	0	3109	414	0.164416	7200	10800	5600	8300
0	119	0	3070	415	0.165339	7200	10800	5600	8300
0	120	0	3065	416	0.166068	7200	10800	5600	8300
0	121	0	3018	412	0.1648	7200	10800	5600	8300
0	122	0	2942	405	0.162455	7200	10800	5600	8300
0	123	0	2942	405	0.162912	7200	10800	5600	8300
0	124	0	2980	405	0.163504	7100	10800	5600	8300
0	125	0	3002	403	0.16329	7100	10800	5600	8300
0	126	0	3025	404	0.163762	7100	10800	5600	8300
0	127	0	3062	398	0.161789	7100	10800	5600	8300
0	128	0	2991	394	0.160489	7100	10800	5600	8300
0	129	0	2988	398	0.162383	7200	10900	5600	8300
0	130	0	2922	393	0.160408	7200	10900	5600	8300
0	131	0	2960	393	0.160736	7200	10900	5600	8300
0	132	0	2970	394	0.161409	7200	10900	5600	8300
0	133	0	3015	391	0.160509	7200	10900	5600	8300
0	134	0	3002	396	0.163097	7200	10900	5600	8300
0	135	0	2937	394	0.162877	7200	10900	5600	8300
0	136	0	2955	386	0.159901	7100	10900	5600	8300
0	137	0	2948	384	0.15927	7100	10900	5600	8300
0	138	0	2883	386	0.160232	7100	10900	5600	8300
0	139	0	2827	384	0.1602	7100	10900	5600	8300
0	140	0	2800	377	0.15728	7100	10900	5600	8300
