Rep	Year	RepSeason	NInds	NOccupCells	Occup/Suit	min_X	max_X	min_Y	max_Y
0	0	0	20785	4157	1	0	18000	300	8300
0	1	0	24595	4145	0.996873	0	18000	300	8300
0	2	0	27423	4120	0.991099	0	18000	300	8300
0	3	0	29033	4101	0.986291	0	18000	300	8300
0	4	0	30210	4092	0.984364	0	18000	300	8300
0	5	0	31171	4084	0.982203	0	18000	300	8300
0	6	0	31840	4079	0.981236	0	18000	300	8300
0	7	0	32059	4082	0.981722	0	18000	300	8300
0	8	0	32237	4093	0.984604	0	18000	300	8300
0	9	0	32589	4088	0.983165	0	18000	300	8300
0	10	0	33067	4080	0.981477	0	18000	300	8300
0	11	0	32994	4098	0.985807	0	18000	300	8300
0	12	0	33057	4090	0.983883	0	18000	300	8300
0	13	0	33534	4095	0.985085	0	18000	300	8300
0	14	0	33436	4101	0.986529	0	18000	300	8300
0	15	0	33486	4086	0.98292	0	18000	300	8300
0	16	0	33411	4089	0.983642	0	18000	300	8300
0	17	0	33883	4090	0.983883	0	18000	300	8300
0	18	0	34044	4094	0.984845	0	18000	300	8300
0	19	0	34159	4092	0.984364	0	18000	300	8300
0	20	0	34178	4087	0.983397	0	18000	300	8300
0	21	0	33838	4081	0.981718	0	18000	300	8300
0	22	0	33572	4085	0.982916	0	18000	300	8300
0	23	0	33781	4089	0.983642	0	18000	300	8300
0	24	0	33859	4083	0.982435	0	18000	300	8300
0	25	0	33910	4090	0.983883	0	18000	300	8300
0	26	0	33585	4087	0.983397	0	18000	300	8300
0	27	0	33673	4075	0.980274	0	18000	300	8300
0	28	0	33762	4078	0.981232	0	18000	300	8300
0	29	0	33523	4079	0.981236	0	18000	300	8300
0	30	0	33724	4074	0.980269	0	18000	300	8300
0	31	0	33503	4085	0.982916	0	18000	300	8300
0	32	0	33578	4078	0.981232	0	18000	300	8300
0	33	0	33682	4078	0.981232	0	18000	300	8300
0	34	0	33851	4081	0.981954	0	18000	300	8300
0	35	0	33946	4086	0.983157	0	18000	300	8300
0	36	0	33798	4098	0.986044	0	18000	300	8300
0	37	0	33948	4093	0.984841	0	18000	300	8300
0	38	0	33420	4084	0.982676	0	18000	300	8300
0	39	0	33549	4077	0.980991	0	18000	300	8300
0	40	0	33913	4092	0.984838	0	18000	300	8300
0	41	0	33848	4091	0.98436	0	18000	300	8300
0	42	0	34062	4092	0.984838	0	18000	300	8300
0	43	0	34001	4095	0.985322	0	18000	300	8300
0	44	0	33892	4088	0.983875	0	18000	300	8300
0	45	0	33823	4083	0.982435	0	18000	300	8300
0	46	0	33807	4090	0.984356	0	18000	300	8300
0	47	0	33559	4082	0.982194	0	18000	300	8300
0	48	0	33523	4085	0.983153	0	18000	300	8300
0	49	0	33498	4079	0.981473	0	18000	300	8300
0	50	0	33646	4087	0.983634	0	18000	300	8300
0	51	0	33780	4080	0.981949	0	18000	300	8300
0	52	0	33314	4072	0.98026	0	18000	300	8300
0	53	0	33225	4071	0.980019	0	18000	300	8300
0	54	0	33334	4067	0.979292	0	18000	300	8300
0	55	0	33342	4083	0.983145	0	18000	300	8300
0	56	0	33255	4072	0.980732	0	18000	300	8300
0	57	0	33289	4080	0.982659	0	18000	300	8300
0	58	0	33393	4072	0.980968	0	18000	300	8300
0	59	0	33503	4074	0.98145	0	18000	300	8300
0	60	0	33477	4083	0.983855	0	18000	300	8300
0	61	0	33652	4088	0.98506	0	18000	300	8300
0	62	0	33905	4091	0.986021	0	18000	300	8300
0	63	0	33970	4095	0.986985	0	18000	300	8300
0	64	0	33971	4093	0.986741	0	18000	300	8300
0	65	0	33698	4090	0.986017	0	18000	300	8300
0	66	0	33591	4093	0.986979	0	18000	300	8300
0	67	0	33475	4092	0.986737	0	18000	300	8300
0	68	0	33468	4097	0.988181	0	18000	300	8300
0	69	0	33085	4082	0.984563	0	18000	300	8300
0	70	0	33192	4085	0.985525	0	18000	300	8300
0	71	0	33406	4080	0.984318	0	18000	300	8300
0	72	0	33453	4077	0.983832	0	18000	300	8300
0	73	0	33490	4081	0.984797	0	18000	300	8300
0	74	0	33531	4080	0.984794	0	18000	300	8300
0	75	0	33543	4075	0.983587	0	18000	300	8300
0	76	0	33579	4083	0.985756	0	18000	300	8300
0	77	0	33523	4081	0.985273	0	18000	300	8300
0	78	0	33795	4079	0.985028	0	18000	300	8300
0	79	0	34007	4086	0.986718	0	18000	300	8300
0	80	0	33869	4084	0.986473	0	18000	300	8300
0	81	0	33820	4079	0.985266	0	18000	300	8300
0	82	0	33599	4071	0.983571	0	18000	300	8300
0	83	0	33607	4064	0.98188	0	18000	300	8300
0	84	0	33369	4064	0.982117	0	18000	300	8300
0	85	0	33291	4055	0.979942	0	18000	300	8300
0	86	0	32985	4063	0.982113	0	18000	300	8300
0	87	0	33166	4062	0.981871	0	18000	300	8300
0	88	0	33512	4064	0.982592	0	18000	300	8300
0	89	0	33875	4066	0.983075	0	18000	300	8300
0	90	0	33655	4057	0.981137	0	18000	300	8300
0	91	0	33433	4061	0.982104	0	18000	300	8300
0	92	0	33329	4058	0.981616	0	18000	300	8300
0	93	0	33557	4054	0.980648	0	18000	300	8300
0	94	0	33411	4055	0.981128	0	18000	300	8300
0	95	0	33349	4066	0.983789	0	18000	300	8300
0	96	0	33494	4059	0.982333	0	18000	300	8300
0	97	0	33679	4071	0.985237	0	18000	300	8300
0	98	0	33889	4072	0.985718	0	18000	300	8300
0	99	0	33785	4073	0.98596	0	18000	300	8300
0	100	0	33712	4074	0.986441	0	18000	300	8300
0	101	0	33308	4055	0.98184	0	18000	300	8300
0	102	0	33278	4045	0.979419	0	18000	300	8300
0	103	0	33181	4055	0.98184	0	18000	300	8300
0	104	0	33339	4059	0.982809	0	18000	300	8300
0	105	0	33213	4050	0.98063	0	18000	300	8300
0	106	0	33244	4065	0.984262	0	18000	300	8300
0	107	0	33235	4060	0.983051	0	18000	300	8300
0	108	0	33120	4059	0.982809	0	18000	300	8300
0	109	0	33145	4059	0.982809	0	18000	300	8300
0	110	0	32855	4070	0.985472	0	18000	300	8300
0	111	0	32987	4066	0.984504	0	18000	300	8300
0	112	0	33185	4061	0.983293	0	18000	300	8300
0	113	0	33076	4057	0.982324	0	18000	300	8300
0	114	0	33094	4055	0.98184	0	18000	300	8300
0	115	0	33208	4060	0.983051	0	18000	300	8300
0	116	0	33236	4075	0.986683	0	18000	300	8300
0	117	0	33485	4059	0.982809	0	18000	300	8300
0	118	0	33383	4058	0.982567	0	18000	300	8300
0	119	0	33144	4063	0.983777	0	18000	300	8300
0	120	0	33356	4064	0.984019	0	18000	300	8300
0	121	0	33287	4065	0.984262	0	18000	300	8300
0	122	0	33125	4069	0.98523	0	18000	300	8300
0	123	0	33144	4067	0.984746	0	18000	300	8300
0	124	0	33506	4068	0.984988	0	18000	300	8300
0	125	0	33449	4065	0.984262	0	18000	300	8300
0	126	0	33519	4074	0.986441	0	18000	300	8300
0	127	0	33432	4057	0.982324	0	18000	300	8300
0	128	0	33433	4051	0.980872	0	18000	300	8300
0	129	0	33373	4052	0.981114	0	18000	300	8300
0	130	0	33586	4067	0.984746	0	18000	300	8300
0	131	0	33685	4077	0.987167	0	18000	300	8300
0	132	0	33744	4076	0.986925	0	18000	300	8300
0	133	0	33795	4071	0.985714	0	18000	300	8300
0	134	0	33243	4078	0.987409	0	18000	300	8300
0	135	0	33481	4062	0.983535	0	18000	300	8300
0	136	0	33257	4062	0.983535	0	18000	300	8300
0	137	0	33200	4066	0.984504	0	18000	300	8300
0	138	0	33311	4053	0.981356	0	18000	300	8300
0	139	0	33265	4063	0.983777	0	18000	300	8300
0	140	0	33095	4056	0.982082	0	18000	300	8300
