Rep	Year	RepSeason	x	y	Species	NInd
0	0	0	90	3	0	5
0	0	0	91	3	0	5
0	1	0	90	4	0	1
0	1	0	90	3	0	8
0	1	0	91	3	0	6
0	2	0	90	4	0	0
0	2	0	92	4	0	1
0	2	0	90	3	0	8
0	2	0	91	3	0	3
0	3	0	88	4	0	1
0	3	0	90	4	0	0
0	3	0	91	4	0	1
0	3	0	92	4	0	0
0	3	0	90	3	0	9
0	3	0	91	3	0	5
0	4	0	88	4	0	0
0	4	0	90	4	0	0
0	4	0	91	4	0	3
0	4	0	92	4	0	0
0	4	0	90	3	0	7
0	4	0	91	3	0	4
0	5	0	88	4	0	0
0	5	0	90	4	0	0
0	5	0	91	4	0	2
0	5	0	92	4	0	0
0	5	0	90	3	0	5
0	5	0	91	3	0	2
0	6	0	88	4	0	0
0	6	0	90	4	0	0
0	6	0	91	4	0	5
0	6	0	92	4	0	0
0	6	0	90	3	0	7
0	6	0	91	3	0	0
0	7	0	88	4	0	0
0	7	0	90	4	0	0
0	7	0	91	4	0	5
0	7	0	92	4	0	1
0	7	0	90	3	0	4
0	7	0	91	3	0	0
0	8	0	88	4	0	0
0	8	0	90	4	0	0
0	8	0	91	4	0	4
0	8	0	92	4	0	1
0	8	0	90	3	0	4
0	8	0	91	3	0	0
0	9	0	88	4	0	0
0	9	0	90	4	0	0
0	9	0	91	4	0	4
0	9	0	92	4	0	1
0	9	0	90	3	0	9
0	9	0	91	3	0	0
0	10	0	88	4	0	0
0	10	0	90	4	0	0
0	10	0	91	4	0	5
0	10	0	92	4	0	1
0	10	0	90	3	0	13
0	10	0	91	3	0	0
0	11	0	88	4	0	0
0	11	0	90	4	0	0
0	11	0	91	4	0	4
0	11	0	92	4	0	2
0	11	0	90	3	0	10
0	11	0	91	3	0	0
0	12	0	88	4	0	0
0	12	0	90	4	0	0
0	12	0	91	4	0	5
0	12	0	92	4	0	6
0	12	0	90	3	0	7
0	12	0	91	3	0	0
0	13	0	88	4	0	0
0	13	0	90	4	0	0
0	13	0	91	4	0	7
0	13	0	92	4	0	5
0	13	0	90	3	0	9
0	13	0	91	3	0	0
0	14	0	88	4	0	1
0	14	0	90	4	0	1
0	14	0	91	4	0	4
0	14	0	92	4	0	7
0	14	0	90	3	0	13
0	14	0	91	3	0	2
0	15	0	88	4	0	3
0	15	0	90	4	0	4
0	15	0	91	4	0	6
0	15	0	92	4	0	10
0	15	0	90	3	0	5
0	15	0	91	3	0	1
0	16	0	88	4	0	2
0	16	0	90	4	0	2
0	16	0	91	4	0	4
0	16	0	92	4	0	15
0	16	0	90	3	0	2
0	16	0	91	3	0	3
0	17	0	88	4	0	4
0	17	0	90	4	0	4
0	17	0	91	4	0	4
0	17	0	92	4	0	8
0	17	0	90	3	0	1
0	17	0	91	3	0	3
0	18	0	88	4	0	6
0	18	0	90	4	0	7
0	18	0	91	4	0	3
0	18	0	92	4	0	8
0	18	0	90	3	0	1
0	18	0	91	3	0	6
0	19	0	88	4	0	7
0	19	0	89	4	0	1
0	19	0	90	4	0	7
0	19	0	91	4	0	10
0	19	0	92	4	0	5
0	19	0	90	3	0	1
0	19	0	91	3	0	8
0	20	0	88	4	0	6
0	20	0	89	4	0	1
0	20	0	90	4	0	6
0	20	0	91	4	0	8
0	20	0	92	4	0	2
0	20	0	90	3	0	0
0	20	0	91	3	0	7
0	21	0	88	4	0	5
0	21	0	89	4	0	1
0	21	0	90	4	0	6
0	21	0	91	4	0	8
0	21	0	92	4	0	3
0	21	0	90	3	0	0
0	21	0	91	3	0	9
0	22	0	88	4	0	2
0	22	0	89	4	0	0
0	22	0	90	4	0	5
0	22	0	91	4	0	5
0	22	0	92	4	0	6
0	22	0	90	3	0	0
0	22	0	91	3	0	8
0	23	0	87	4	0	1
0	23	0	88	4	0	2
0	23	0	89	4	0	0
0	23	0	90	4	0	6
0	23	0	91	4	0	2
0	23	0	92	4	0	7
0	23	0	90	3	0	0
0	23	0	91	3	0	7
0	24	0	87	4	0	4
0	24	0	88	4	0	4
0	24	0	89	4	0	1
0	24	0	90	4	0	5
0	24	0	91	4	0	3
0	24	0	92	4	0	5
0	24	0	90	3	0	0
0	24	0	91	3	0	3
0	25	0	87	4	0	5
0	25	0	88	4	0	2
0	25	0	89	4	0	2
0	25	0	90	4	0	7
0	25	0	91	4	0	7
0	25	0	92	4	0	4
0	25	0	90	3	0	0
0	25	0	91	3	0	3
0	26	0	87	4	0	4
0	26	0	88	4	0	2
0	26	0	89	4	0	5
0	26	0	90	4	0	10
0	26	0	91	4	0	8
0	26	0	92	4	0	4
0	26	0	90	3	0	0
0	26	0	91	3	0	4
0	27	0	87	4	0	4
0	27	0	88	4	0	0
0	27	0	89	4	0	4
0	27	0	90	4	0	4
0	27	0	91	4	0	8
0	27	0	92	4	0	6
0	27	0	90	3	0	0
0	27	0	91	3	0	1
0	28	0	87	4	0	5
0	28	0	88	4	0	1
0	28	0	89	4	0	3
0	28	0	90	4	0	4
0	28	0	91	4	0	9
0	28	0	92	4	0	5
0	28	0	90	3	0	0
0	28	0	91	3	0	2
0	29	0	87	4	0	8
0	29	0	88	4	0	0
0	29	0	89	4	0	3
0	29	0	90	4	0	6
0	29	0	91	4	0	9
0	29	0	92	4	0	2
0	29	0	90	3	0	0
0	29	0	91	3	0	3
0	30	0	87	4	0	9
0	30	0	88	4	0	0
0	30	0	89	4	0	1
0	30	0	90	4	0	6
0	30	0	91	4	0	10
0	30	0	92	4	0	4
0	30	0	90	3	0	0
0	30	0	91	3	0	3
0	31	0	87	4	0	9
0	31	0	88	4	0	0
0	31	0	89	4	0	1
0	31	0	90	4	0	8
0	31	0	91	4	0	8
0	31	0	92	4	0	5
0	31	0	90	3	0	0
0	31	0	91	3	0	1
0	32	0	87	4	0	11
0	32	0	88	4	0	0
0	32	0	89	4	0	1
0	32	0	90	4	0	10
0	32	0	91	4	0	10
0	32	0	92	4	0	10
0	32	0	90	3	0	0
0	32	0	91	3	0	2
0	33	0	87	4	0	14
0	33	0	88	4	0	0
0	33	0	89	4	0	2
0	33	0	90	4	0	11
0	33	0	91	4	0	9
0	33	0	92	4	0	10
0	33	0	90	3	0	0
0	33	0	91	3	0	1
0	34	0	87	4	0	10
0	34	0	88	4	0	0
0	34	0	89	4	0	3
0	34	0	90	4	0	16
0	34	0	91	4	0	8
0	34	0	92	4	0	14
0	34	0	90	3	0	0
0	34	0	91	3	0	2
0	35	0	87	4	0	8
0	35	0	88	4	0	0
0	35	0	89	4	0	3
0	35	0	90	4	0	10
0	35	0	91	4	0	9
0	35	0	92	4	0	13
0	35	0	90	3	0	0
0	35	0	91	3	0	6
0	36	0	87	4	0	3
0	36	0	88	4	0	0
0	36	0	89	4	0	3
0	36	0	90	4	0	9
0	36	0	91	4	0	4
0	36	0	92	4	0	13
0	36	0	90	3	0	0
0	36	0	91	3	0	3
0	37	0	87	4	0	2
0	37	0	88	4	0	0
0	37	0	89	4	0	5
0	37	0	90	4	0	7
0	37	0	91	4	0	2
0	37	0	92	4	0	6
0	37	0	90	3	0	0
0	37	0	91	3	0	4
0	38	0	87	4	0	4
0	38	0	88	4	0	0
0	38	0	89	4	0	10
0	38	0	90	4	0	4
0	38	0	91	4	0	4
0	38	0	92	4	0	7
0	38	0	90	3	0	0
0	38	0	91	3	0	2
0	39	0	87	4	0	10
0	39	0	88	4	0	0
0	39	0	89	4	0	13
0	39	0	90	4	0	4
0	39	0	91	4	0	5
0	39	0	92	4	0	11
0	39	0	90	3	0	0
0	39	0	91	3	0	0
0	40	0	87	4	0	12
0	40	0	88	4	0	0
0	40	0	89	4	0	10
0	40	0	90	4	0	4
0	40	0	91	4	0	5
0	40	0	92	4	0	9
0	40	0	90	3	0	0
0	40	0	91	3	0	0
0	41	0	87	4	0	12
0	41	0	88	4	0	0
0	41	0	89	4	0	15
0	41	0	90	4	0	2
0	41	0	91	4	0	4
0	41	0	92	4	0	4
0	41	0	90	3	0	0
0	41	0	91	3	0	0
0	42	0	87	4	0	15
0	42	0	88	4	0	0
0	42	0	89	4	0	12
0	42	0	90	4	0	5
0	42	0	91	4	0	8
0	42	0	92	4	0	5
0	42	0	90	3	0	0
0	42	0	91	3	0	0
0	43	0	87	4	0	17
0	43	0	88	4	0	0
0	43	0	89	4	0	9
0	43	0	90	4	0	8
0	43	0	91	4	0	6
0	43	0	92	4	0	4
0	43	0	90	3	0	0
0	43	0	91	3	0	0
0	44	0	87	4	0	15
0	44	0	88	4	0	0
0	44	0	89	4	0	8
0	44	0	90	4	0	9
0	44	0	91	4	0	4
0	44	0	92	4	0	4
0	44	0	90	3	0	0
0	44	0	91	3	0	0
0	45	0	87	4	0	11
0	45	0	88	4	0	0
0	45	0	89	4	0	6
0	45	0	90	4	0	6
0	45	0	91	4	0	2
0	45	0	92	4	0	3
0	45	0	90	3	0	0
0	45	0	91	3	0	0
0	46	0	87	4	0	7
0	46	0	88	4	0	0
0	46	0	89	4	0	4
0	46	0	90	4	0	7
0	46	0	91	4	0	1
0	46	0	92	4	0	5
0	46	0	90	3	0	0
0	46	0	91	3	0	0
0	47	0	87	4	0	10
0	47	0	88	4	0	0
0	47	0	89	4	0	4
0	47	0	90	4	0	5
0	47	0	91	4	0	3
0	47	0	92	4	0	2
0	47	0	90	3	0	0
0	47	0	91	3	0	0
0	48	0	87	4	0	14
0	48	0	88	4	0	0
0	48	0	89	4	0	6
0	48	0	90	4	0	6
0	48	0	91	4	0	7
0	48	0	92	4	0	2
0	48	0	90	3	0	0
0	48	0	91	3	0	0
0	49	0	87	4	0	11
0	49	0	88	4	0	0
0	49	0	89	4	0	6
0	49	0	90	4	0	4
0	49	0	91	4	0	11
0	49	0	92	4	0	0
0	49	0	90	3	0	0
0	49	0	91	3	0	0
0	50	0	87	4	0	9
0	50	0	88	4	0	0
0	50	0	89	4	0	9
0	50	0	90	4	0	5
0	50	0	91	4	0	8
0	50	0	92	4	0	0
0	50	0	90	3	0	0
0	50	0	91	3	0	0
0	51	0	87	4	0	7
0	51	0	88	4	0	0
0	51	0	89	4	0	6
0	51	0	90	4	0	7
0	51	0	91	4	0	7
0	51	0	92	4	0	0
0	51	0	90	3	0	0
0	51	0	91	3	0	0
0	52	0	87	4	0	7
0	52	0	88	4	0	0
0	52	0	89	4	0	15
0	52	0	90	4	0	10
0	52	0	91	4	0	5
0	52	0	92	4	0	0
0	52	0	90	3	0	0
0	52	0	91	3	0	0
0	53	0	87	4	0	12
0	53	0	88	4	0	0
0	53	0	89	4	0	11
0	53	0	90	4	0	10
0	53	0	91	4	0	5
0	53	0	92	4	0	0
0	53	0	90	3	0	0
0	53	0	91	3	0	0
0	54	0	87	4	0	7
0	54	0	88	4	0	0
0	54	0	89	4	0	12
0	54	0	90	4	0	6
0	54	0	91	4	0	9
0	54	0	92	4	0	0
0	54	0	90	3	0	0
0	54	0	91	3	0	0
0	55	0	87	4	0	8
0	55	0	88	4	0	0
0	55	0	89	4	0	15
0	55	0	90	4	0	4
0	55	0	91	4	0	6
0	55	0	92	4	0	0
0	55	0	90	3	0	0
0	55	0	91	3	0	0
0	56	0	87	4	0	6
0	56	0	88	4	0	0
0	56	0	89	4	0	14
0	56	0	90	4	0	8
0	56	0	91	4	0	6
0	56	0	92	4	0	0
0	56	0	90	3	0	0
0	56	0	91	3	0	0
0	57	0	87	4	0	8
0	57	0	88	4	0	0
0	57	0	89	4	0	11
0	57	0	90	4	0	5
0	57	0	91	4	0	10
0	57	0	92	4	0	0
0	57	0	90	3	0	1
0	57	0	91	3	0	0
0	58	0	87	4	0	8
0	58	0	88	4	0	0
0	58	0	89	4	0	13
0	58	0	90	4	0	4
0	58	0	91	4	0	13
0	58	0	92	4	0	0
0	58	0	90	3	0	0
0	58	0	91	3	0	0
0	59	0	87	4	0	13
0	59	0	88	4	0	0
0	59	0	89	4	0	12
0	59	0	90	4	0	6
0	59	0	91	4	0	13
0	59	0	92	4	0	0
0	59	0	90	3	0	0
0	59	0	91	3	0	0
0	60	0	87	4	0	11
0	60	0	88	4	0	0
0	60	0	89	4	0	12
0	60	0	90	4	0	6
0	60	0	91	4	0	12
0	60	0	92	4	0	0
0	60	0	90	3	0	0
0	60	0	91	3	0	0
0	61	0	87	4	0	11
0	61	0	88	4	0	0
0	61	0	89	4	0	11
0	61	0	90	4	0	9
0	61	0	91	4	0	7
0	61	0	92	4	0	0
0	61	0	90	3	0	0
0	61	0	91	3	0	0
0	62	0	87	4	0	8
0	62	0	88	4	0	1
0	62	0	89	4	0	9
0	62	0	90	4	0	5
0	62	0	91	4	0	5
0	62	0	92	4	0	0
0	62	0	90	3	0	1
0	62	0	91	3	0	0
0	63	0	87	4	0	5
0	63	0	88	4	0	1
0	63	0	89	4	0	4
0	63	0	90	4	0	3
0	63	0	91	4	0	6
0	63	0	92	4	0	0
0	63	0	90	3	0	1
0	63	0	91	3	0	0
0	64	0	87	4	0	9
0	64	0	88	4	0	1
0	64	0	89	4	0	3
0	64	0	90	4	0	5
0	64	0	91	4	0	5
0	64	0	92	4	0	0
0	64	0	90	3	0	1
0	64	0	91	3	0	0
0	65	0	87	4	0	9
0	65	0	88	4	0	2
0	65	0	89	4	0	3
0	65	0	90	4	0	7
0	65	0	91	4	0	7
0	65	0	92	4	0	0
0	65	0	90	3	0	1
0	65	0	91	3	0	0
0	66	0	87	4	0	7
0	66	0	88	4	0	3
0	66	0	89	4	0	7
0	66	0	90	4	0	8
0	66	0	91	4	0	6
0	66	0	92	4	0	0
0	66	0	90	3	0	1
0	66	0	91	3	0	1
0	67	0	87	4	0	4
0	67	0	88	4	0	2
0	67	0	89	4	0	9
0	67	0	90	4	0	8
0	67	0	91	4	0	6
0	67	0	92	4	0	0
0	67	0	90	3	0	0
0	67	0	91	3	0	1
0	68	0	87	4	0	5
0	68	0	88	4	0	2
0	68	0	89	4	0	6
0	68	0	90	4	0	7
0	68	0	91	4	0	7
0	68	0	92	4	0	0
0	68	0	90	3	0	0
0	68	0	91	3	0	1
0	69	0	87	4	0	3
0	69	0	88	4	0	2
0	69	0	89	4	0	10
0	69	0	90	4	0	7
0	69	0	91	4	0	12
0	69	0	92	4	0	0
0	69	0	90	3	0	0
0	69	0	91	3	0	2
0	70	0	87	4	0	4
0	70	0	88	4	0	4
0	70	0	89	4	0	7
0	70	0	90	4	0	7
0	70	0	91	4	0	6
0	70	0	92	4	0	0
0	70	0	90	3	0	0
0	70	0	91	3	0	1
0	71	0	87	4	0	2
0	71	0	88	4	0	6
0	71	0	89	4	0	5
0	71	0	90	4	0	5
0	71	0	91	4	0	11
0	71	0	92	4	0	0
0	71	0	90	3	0	0
0	71	0	91	3	0	2
0	72	0	87	4	0	5
0	72	0	88	4	0	6
0	72	0	89	4	0	2
0	72	0	90	4	0	4
0	72	0	91	4	0	10
0	72	0	92	4	0	0
0	72	0	90	3	0	0
0	72	0	91	3	0	1
0	73	0	87	4	0	5
0	73	0	88	4	0	12
0	73	0	89	4	0	3
0	73	0	90	4	0	8
0	73	0	91	4	0	12
0	73	0	92	4	0	1
0	73	0	90	3	0	0
0	73	0	91	3	0	1
0	74	0	87	4	0	4
0	74	0	88	4	0	9
0	74	0	89	4	0	3
0	74	0	90	4	0	8
0	74	0	91	4	0	12
0	74	0	92	4	0	1
0	74	0	90	3	0	0
0	74	0	91	3	0	2
0	75	0	87	4	0	1
0	75	0	88	4	0	6
0	75	0	89	4	0	4
0	75	0	90	4	0	7
0	75	0	91	4	0	14
0	75	0	92	4	0	2
0	75	0	90	3	0	0
0	75	0	91	3	0	1
0	76	0	87	4	0	1
0	76	0	88	4	0	3
0	76	0	89	4	0	5
0	76	0	90	4	0	5
0	76	0	91	4	0	11
0	76	0	92	4	0	1
0	76	0	90	3	0	1
0	76	0	91	3	0	0
0	77	0	87	4	0	2
0	77	0	88	4	0	2
0	77	0	89	4	0	9
0	77	0	90	4	0	2
0	77	0	91	4	0	9
0	77	0	92	4	0	2
0	77	0	90	3	0	2
0	77	0	91	3	0	0
0	78	0	87	4	0	0
0	78	0	88	4	0	2
0	78	0	89	4	0	3
0	78	0	90	4	0	3
0	78	0	91	4	0	10
0	78	0	92	4	0	7
0	78	0	90	3	0	4
0	78	0	91	3	0	0
0	79	0	87	4	0	0
0	79	0	88	4	0	8
0	79	0	89	4	0	3
0	79	0	90	4	0	2
0	79	0	91	4	0	6
0	79	0	92	4	0	9
0	79	0	90	3	0	4
0	79	0	91	3	0	1
0	80	0	87	4	0	0
0	80	0	88	4	0	3
0	80	0	89	4	0	5
0	80	0	90	4	0	4
0	80	0	91	4	0	9
0	80	0	92	4	0	7
0	80	0	90	3	0	3
0	80	0	91	3	0	1
0	81	0	87	4	0	0
0	81	0	88	4	0	2
0	81	0	89	4	0	3
0	81	0	90	4	0	6
0	81	0	91	4	0	10
0	81	0	92	4	0	8
0	81	0	90	3	0	3
0	81	0	91	3	0	5
0	82	0	87	4	0	0
0	82	0	88	4	0	2
0	82	0	89	4	0	2
0	82	0	90	4	0	10
0	82	0	91	4	0	6
0	82	0	92	4	0	8
0	82	0	90	3	0	3
0	82	0	91	3	0	7
0	83	0	81	8	0	1
0	83	0	87	4	0	0
0	83	0	88	4	0	7
0	83	0	89	4	0	0
0	83	0	90	4	0	11
0	83	0	91	4	0	5
0	83	0	92	4	0	7
0	83	0	90	3	0	2
0	83	0	91	3	0	11
0	84	0	81	8	0	1
0	84	0	87	4	0	0
0	84	0	88	4	0	5
0	84	0	89	4	0	0
0	84	0	90	4	0	9
0	84	0	91	4	0	14
0	84	0	92	4	0	5
0	84	0	90	3	0	0
0	84	0	91	3	0	5
0	85	0	81	8	0	2
0	85	0	87	4	0	0
0	85	0	88	4	0	10
0	85	0	89	4	0	0
0	85	0	90	4	0	8
0	85	0	91	4	0	12
0	85	0	92	4	0	5
0	85	0	90	3	0	0
0	85	0	91	3	0	7
0	86	0	81	8	0	3
0	86	0	87	4	0	0
0	86	0	88	4	0	14
0	86	0	89	4	0	0
0	86	0	90	4	0	4
0	86	0	91	4	0	13
0	86	0	92	4	0	3
0	86	0	90	3	0	0
0	86	0	91	3	0	10
0	87	0	81	8	0	3
0	87	0	79	7	0	1
0	87	0	87	4	0	0
0	87	0	88	4	0	15
0	87	0	89	4	0	0
0	87	0	90	4	0	2
0	87	0	91	4	0	9
0	87	0	92	4	0	4
0	87	0	90	3	0	0
0	87	0	91	3	0	6
0	88	0	81	8	0	0
0	88	0	79	7	0	2
0	88	0	87	4	0	0
0	88	0	88	4	0	7
0	88	0	89	4	0	1
0	88	0	90	4	0	2
0	88	0	91	4	0	6
0	88	0	92	4	0	4
0	88	0	90	3	0	0
0	88	0	91	3	0	10
0	89	0	81	8	0	0
0	89	0	79	7	0	2
0	89	0	87	4	0	0
0	89	0	88	4	0	6
0	89	0	89	4	0	2
0	89	0	90	4	0	2
0	89	0	91	4	0	4
0	89	0	92	4	0	8
0	89	0	90	3	0	0
0	89	0	91	3	0	7
0	90	0	81	8	0	0
0	90	0	79	7	0	2
0	90	0	87	4	0	0
0	90	0	88	4	0	5
0	90	0	89	4	0	2
0	90	0	90	4	0	4
0	90	0	91	4	0	5
0	90	0	92	4	0	12
0	90	0	90	3	0	0
0	90	0	91	3	0	7
0	91	0	81	8	0	0
0	91	0	79	7	0	4
0	91	0	87	4	0	0
0	91	0	88	4	0	5
0	91	0	89	4	0	3
0	91	0	90	4	0	7
0	91	0	91	4	0	6
0	91	0	92	4	0	13
0	91	0	90	3	0	0
0	91	0	91	3	0	8
0	92	0	81	8	0	0
0	92	0	79	7	0	8
0	92	0	87	4	0	0
0	92	0	88	4	0	3
0	92	0	89	4	0	3
0	92	0	90	4	0	7
0	92	0	91	4	0	5
0	92	0	92	4	0	15
0	92	0	90	3	0	0
0	92	0	91	3	0	7
0	93	0	81	8	0	0
0	93	0	79	7	0	6
0	93	0	87	4	0	1
0	93	0	88	4	0	5
0	93	0	89	4	0	6
0	93	0	90	4	0	6
0	93	0	91	4	0	3
0	93	0	92	4	0	11
0	93	0	90	3	0	1
0	93	0	91	3	0	7
0	94	0	81	8	0	0
0	94	0	79	7	0	4
0	94	0	87	4	0	0
0	94	0	88	4	0	8
0	94	0	89	4	0	7
0	94	0	90	4	0	8
0	94	0	91	4	0	5
0	94	0	92	4	0	11
0	94	0	90	3	0	1
0	94	0	91	3	0	6
0	95	0	81	8	0	0
0	95	0	79	7	0	5
0	95	0	87	4	0	1
0	95	0	88	4	0	8
0	95	0	89	4	0	7
0	95	0	90	4	0	12
0	95	0	91	4	0	4
0	95	0	92	4	0	11
0	95	0	90	3	0	3
0	95	0	91	3	0	13
0	96	0	80	8	0	1
0	96	0	81	8	0	0
0	96	0	79	7	0	5
0	96	0	87	4	0	1
0	96	0	88	4	0	4
0	96	0	89	4	0	7
0	96	0	90	4	0	19
0	96	0	91	4	0	6
0	96	0	92	4	0	8
0	96	0	90	3	0	0
0	96	0	91	3	0	13
0	97	0	80	8	0	1
0	97	0	81	8	0	0
0	97	0	79	7	0	7
0	97	0	79	6	0	1
0	97	0	87	4	0	1
0	97	0	88	4	0	6
0	97	0	89	4	0	7
0	97	0	90	4	0	11
0	97	0	91	4	0	9
0	97	0	92	4	0	7
0	97	0	90	3	0	0
0	97	0	91	3	0	14
0	98	0	80	8	0	0
0	98	0	81	8	0	0
0	98	0	79	7	0	6
0	98	0	79	6	0	2
0	98	0	87	4	0	0
0	98	0	88	4	0	3
0	98	0	89	4	0	11
0	98	0	90	4	0	19
0	98	0	91	4	0	7
0	98	0	92	4	0	9
0	98	0	90	3	0	0
0	98	0	91	3	0	19
0	99	0	80	8	0	0
0	99	0	81	8	0	0
0	99	0	79	7	0	5
0	99	0	79	6	0	3
0	99	0	87	4	0	0
0	99	0	88	4	0	4
0	99	0	89	4	0	9
0	99	0	90	4	0	16
0	99	0	91	4	0	5
0	99	0	92	4	0	10
0	99	0	90	3	0	0
0	99	0	91	3	0	20
0	100	0	79	11	0	1
0	100	0	80	8	0	0
0	100	0	81	8	0	0
0	100	0	79	7	0	7
0	100	0	79	6	0	5
0	100	0	87	4	0	0
0	100	0	88	4	0	3
0	100	0	89	4	0	6
0	100	0	90	4	0	9
0	100	0	91	4	0	7
0	100	0	92	4	0	6
0	100	0	90	3	0	0
0	100	0	91	3	0	15
0	101	0	79	11	0	3
0	101	0	80	8	0	0
0	101	0	81	8	0	0
0	101	0	79	7	0	6
0	101	0	79	6	0	5
0	101	0	87	4	0	0
0	101	0	88	4	0	4
0	101	0	89	4	0	8
0	101	0	90	4	0	8
0	101	0	91	4	0	4
0	101	0	92	4	0	7
0	101	0	90	3	0	0
0	101	0	91	3	0	13
0	102	0	79	11	0	4
0	102	0	80	8	0	0
0	102	0	81	8	0	0
0	102	0	79	7	0	9
0	102	0	78	6	0	1
0	102	0	79	6	0	4
0	102	0	77	4	0	1
0	102	0	87	4	0	0
0	102	0	88	4	0	2
0	102	0	89	4	0	5
0	102	0	90	4	0	8
0	102	0	91	4	0	6
0	102	0	92	4	0	9
0	102	0	90	3	0	0
0	102	0	91	3	0	11
0	103	0	79	11	0	6
0	103	0	80	8	0	0
0	103	0	81	8	0	0
0	103	0	79	7	0	14
0	103	0	78	6	0	4
0	103	0	79	6	0	5
0	103	0	77	4	0	2
0	103	0	87	4	0	0
0	103	0	88	4	0	5
0	103	0	89	4	0	8
0	103	0	90	4	0	10
0	103	0	91	4	0	5
0	103	0	92	4	0	12
0	103	0	90	3	0	1
0	103	0	91	3	0	11
0	104	0	79	11	0	5
0	104	0	79	8	0	1
0	104	0	80	8	0	1
0	104	0	81	8	0	0
0	104	0	79	7	0	5
0	104	0	78	6	0	4
0	104	0	79	6	0	5
0	104	0	81	5	0	1
0	104	0	77	4	0	1
0	104	0	87	4	0	0
0	104	0	88	4	0	5
0	104	0	89	4	0	7
0	104	0	90	4	0	15
0	104	0	91	4	0	4
0	104	0	92	4	0	8
0	104	0	90	3	0	0
0	104	0	91	3	0	9
0	105	0	79	11	0	3
0	105	0	76	10	0	1
0	105	0	79	8	0	1
0	105	0	80	8	0	1
0	105	0	81	8	0	0
0	105	0	79	7	0	6
0	105	0	78	6	0	8
0	105	0	79	6	0	10
0	105	0	81	5	0	0
0	105	0	77	4	0	1
0	105	0	87	4	0	0
0	105	0	88	4	0	3
0	105	0	89	4	0	8
0	105	0	90	4	0	16
0	105	0	91	4	0	7
0	105	0	92	4	0	5
0	105	0	90	3	0	0
0	105	0	91	3	0	9
0	106	0	79	11	0	4
0	106	0	76	10	0	2
0	106	0	79	8	0	2
0	106	0	80	8	0	2
0	106	0	81	8	0	0
0	106	0	79	7	0	8
0	106	0	78	6	0	11
0	106	0	79	6	0	15
0	106	0	77	5	0	1
0	106	0	79	5	0	1
0	106	0	81	5	0	0
0	106	0	77	4	0	2
0	106	0	87	4	0	0
0	106	0	88	4	0	3
0	106	0	89	4	0	7
0	106	0	90	4	0	8
0	106	0	91	4	0	5
0	106	0	92	4	0	3
0	106	0	90	3	0	1
0	106	0	91	3	0	6
0	107	0	77	12	0	1
0	107	0	78	11	0	1
0	107	0	79	11	0	4
0	107	0	76	10	0	1
0	107	0	79	8	0	2
0	107	0	80	8	0	1
0	107	0	81	8	0	0
0	107	0	79	7	0	8
0	107	0	81	7	0	1
0	107	0	77	6	0	1
0	107	0	78	6	0	6
0	107	0	79	6	0	11
0	107	0	77	5	0	2
0	107	0	79	5	0	0
0	107	0	81	5	0	0
0	107	0	77	4	0	2
0	107	0	87	4	0	0
0	107	0	88	4	0	6
0	107	0	89	4	0	9
0	107	0	90	4	0	1
0	107	0	91	4	0	7
0	107	0	92	4	0	4
0	107	0	90	3	0	1
0	107	0	91	3	0	10
0	108	0	77	12	0	0
0	108	0	78	11	0	3
0	108	0	79	11	0	2
0	108	0	76	10	0	2
0	108	0	79	8	0	2
0	108	0	80	8	0	2
0	108	0	81	8	0	0
0	108	0	78	7	0	1
0	108	0	79	7	0	4
0	108	0	81	7	0	5
0	108	0	77	6	0	1
0	108	0	78	6	0	6
0	108	0	79	6	0	8
0	108	0	77	5	0	1
0	108	0	79	5	0	0
0	108	0	81	5	0	1
0	108	0	77	4	0	4
0	108	0	87	4	0	0
0	108	0	88	4	0	7
0	108	0	89	4	0	7
0	108	0	90	4	0	1
0	108	0	91	4	0	3
0	108	0	92	4	0	4
0	108	0	90	3	0	0
0	108	0	91	3	0	9
0	109	0	77	12	0	0
0	109	0	78	11	0	3
0	109	0	79	11	0	1
0	109	0	76	10	0	5
0	109	0	78	10	0	1
0	109	0	79	9	0	1
0	109	0	79	8	0	6
0	109	0	80	8	0	2
0	109	0	81	8	0	0
0	109	0	78	7	0	1
0	109	0	79	7	0	9
0	109	0	81	7	0	8
0	109	0	77	6	0	5
0	109	0	78	6	0	9
0	109	0	79	6	0	9
0	109	0	77	5	0	3
0	109	0	79	5	0	0
0	109	0	81	5	0	2
0	109	0	77	4	0	7
0	109	0	87	4	0	0
0	109	0	88	4	0	5
0	109	0	89	4	0	8
0	109	0	90	4	0	1
0	109	0	91	4	0	8
0	109	0	92	4	0	6
0	109	0	90	3	0	0
0	109	0	91	3	0	13
0	110	0	74	12	0	1
0	110	0	77	12	0	0
0	110	0	79	12	0	1
0	110	0	78	11	0	5
0	110	0	79	11	0	1
0	110	0	76	10	0	1
0	110	0	78	10	0	0
0	110	0	79	9	0	0
0	110	0	79	8	0	6
0	110	0	80	8	0	3
0	110	0	81	8	0	0
0	110	0	78	7	0	3
0	110	0	79	7	0	9
0	110	0	81	7	0	6
0	110	0	77	6	0	5
0	110	0	78	6	0	9
0	110	0	79	6	0	10
0	110	0	77	5	0	4
0	110	0	79	5	0	1
0	110	0	81	5	0	6
0	110	0	75	4	0	1
0	110	0	77	4	0	5
0	110	0	87	4	0	0
0	110	0	88	4	0	8
0	110	0	89	4	0	5
0	110	0	90	4	0	2
0	110	0	91	4	0	10
0	110	0	92	4	0	8
0	110	0	90	3	0	0
0	110	0	91	3	0	11
0	111	0	74	12	0	0
0	111	0	77	12	0	0
0	111	0	79	12	0	2
0	111	0	78	11	0	6
0	111	0	79	11	0	0
0	111	0	76	10	0	0
0	111	0	78	10	0	0
0	111	0	75	9	0	1
0	111	0	79	9	0	0
0	111	0	73	8	0	1
0	111	0	79	8	0	6
0	111	0	80	8	0	3
0	111	0	81	8	0	0
0	111	0	78	7	0	2
0	111	0	79	7	0	8
0	111	0	81	7	0	4
0	111	0	76	6	0	1
0	111	0	77	6	0	6
0	111	0	78	6	0	5
0	111	0	79	6	0	7
0	111	0	80	6	0	1
0	111	0	77	5	0	4
0	111	0	79	5	0	0
0	111	0	81	5	0	9
0	111	0	75	4	0	1
0	111	0	77	4	0	7
0	111	0	87	4	0	0
0	111	0	88	4	0	11
0	111	0	89	4	0	6
0	111	0	90	4	0	2
0	111	0	91	4	0	14
0	111	0	92	4	0	4
0	111	0	90	3	0	0
0	111	0	91	3	0	10
0	112	0	74	12	0	0
0	112	0	77	12	0	0
0	112	0	79	12	0	3
0	112	0	78	11	0	11
0	112	0	79	11	0	0
0	112	0	75	10	0	1
0	112	0	76	10	0	0
0	112	0	78	10	0	1
0	112	0	75	9	0	0
0	112	0	79	9	0	0
0	112	0	81	9	0	1
0	112	0	73	8	0	2
0	112	0	78	8	0	1
0	112	0	79	8	0	9
0	112	0	80	8	0	4
0	112	0	81	8	0	0
0	112	0	78	7	0	2
0	112	0	79	7	0	7
0	112	0	81	7	0	4
0	112	0	76	6	0	5
0	112	0	77	6	0	8
0	112	0	78	6	0	3
0	112	0	79	6	0	10
0	112	0	80	6	0	2
0	112	0	77	5	0	4
0	112	0	79	5	0	1
0	112	0	81	5	0	8
0	112	0	75	4	0	0
0	112	0	77	4	0	12
0	112	0	78	4	0	1
0	112	0	87	4	0	0
0	112	0	88	4	0	9
0	112	0	89	4	0	2
0	112	0	90	4	0	2
0	112	0	91	4	0	9
0	112	0	92	4	0	3
0	112	0	90	3	0	1
0	112	0	91	3	0	10
0	113	0	77	14	0	1
0	113	0	76	13	0	1
0	113	0	74	12	0	0
0	113	0	77	12	0	0
0	113	0	79	12	0	8
0	113	0	78	11	0	6
0	113	0	79	11	0	1
0	113	0	75	10	0	3
0	113	0	76	10	0	0
0	113	0	78	10	0	2
0	113	0	75	9	0	0
0	113	0	79	9	0	0
0	113	0	81	9	0	1
0	113	0	73	8	0	2
0	113	0	75	8	0	1
0	113	0	76	8	0	1
0	113	0	77	8	0	1
0	113	0	78	8	0	0
0	113	0	79	8	0	10
0	113	0	80	8	0	1
0	113	0	81	8	0	0
0	113	0	78	7	0	1
0	113	0	79	7	0	10
0	113	0	81	7	0	3
0	113	0	76	6	0	5
0	113	0	77	6	0	7
0	113	0	78	6	0	3
0	113	0	79	6	0	15
0	113	0	80	6	0	3
0	113	0	77	5	0	7
0	113	0	79	5	0	1
0	113	0	81	5	0	6
0	113	0	75	4	0	0
0	113	0	77	4	0	10
0	113	0	78	4	0	0
0	113	0	87	4	0	1
0	113	0	88	4	0	6
0	113	0	89	4	0	0
0	113	0	90	4	0	2
0	113	0	91	4	0	6
0	113	0	92	4	0	3
0	113	0	90	3	0	0
0	113	0	91	3	0	9
0	114	0	77	14	0	2
0	114	0	76	13	0	1
0	114	0	74	12	0	0
0	114	0	77	12	0	0
0	114	0	79	12	0	7
0	114	0	77	11	0	1
0	114	0	78	11	0	1
0	114	0	79	11	0	0
0	114	0	75	10	0	5
0	114	0	76	10	0	0
0	114	0	78	10	0	1
0	114	0	75	9	0	0
0	114	0	79	9	0	0
0	114	0	81	9	0	0
0	114	0	73	8	0	4
0	114	0	75	8	0	1
0	114	0	76	8	0	0
0	114	0	77	8	0	2
0	114	0	78	8	0	0
0	114	0	79	8	0	10
0	114	0	80	8	0	4
0	114	0	81	8	0	0
0	114	0	78	7	0	0
0	114	0	79	7	0	8
0	114	0	80	7	0	1
0	114	0	81	7	0	4
0	114	0	76	6	0	4
0	114	0	77	6	0	7
0	114	0	78	6	0	4
0	114	0	79	6	0	11
0	114	0	80	6	0	0
0	114	0	77	5	0	3
0	114	0	79	5	0	0
0	114	0	81	5	0	5
0	114	0	75	4	0	0
0	114	0	77	4	0	9
0	114	0	78	4	0	0
0	114	0	87	4	0	2
0	114	0	88	4	0	2
0	114	0	89	4	0	0
0	114	0	90	4	0	3
0	114	0	91	4	0	5
0	114	0	92	4	0	4
0	114	0	90	3	0	0
0	114	0	91	3	0	8
0	115	0	77	14	0	1
0	115	0	76	13	0	2
0	115	0	73	12	0	1
0	115	0	74	12	0	0
0	115	0	77	12	0	0
0	115	0	79	12	0	5
0	115	0	77	11	0	3
0	115	0	78	11	0	2
0	115	0	79	11	0	0
0	115	0	75	10	0	3
0	115	0	76	10	0	0
0	115	0	78	10	0	0
0	115	0	80	10	0	1
0	115	0	75	9	0	0
0	115	0	79	9	0	0
0	115	0	80	9	0	1
0	115	0	81	9	0	0
0	115	0	73	8	0	4
0	115	0	75	8	0	1
0	115	0	76	8	0	0
0	115	0	77	8	0	2
0	115	0	78	8	0	0
0	115	0	79	8	0	8
0	115	0	80	8	0	6
0	115	0	81	8	0	0
0	115	0	76	7	0	1
0	115	0	78	7	0	0
0	115	0	79	7	0	10
0	115	0	80	7	0	0
0	115	0	81	7	0	6
0	115	0	76	6	0	3
0	115	0	77	6	0	10
0	115	0	78	6	0	7
0	115	0	79	6	0	8
0	115	0	80	6	0	0
0	115	0	77	5	0	2
0	115	0	78	5	0	1
0	115	0	79	5	0	0
0	115	0	81	5	0	5
0	115	0	75	4	0	0
0	115	0	77	4	0	8
0	115	0	78	4	0	0
0	115	0	87	4	0	0
0	115	0	88	4	0	4
0	115	0	89	4	0	1
0	115	0	90	4	0	0
0	115	0	91	4	0	4
0	115	0	92	4	0	7
0	115	0	90	3	0	0
0	115	0	91	3	0	7
0	116	0	77	14	0	0
0	116	0	76	13	0	4
0	116	0	73	12	0	1
0	116	0	74	12	0	0
0	116	0	77	12	0	0
0	116	0	78	12	0	1
0	116	0	79	12	0	10
0	116	0	77	11	0	7
0	116	0	78	11	0	9
0	116	0	79	11	0	0
0	116	0	75	10	0	2
0	116	0	76	10	0	0
0	116	0	78	10	0	0
0	116	0	80	10	0	1
0	116	0	75	9	0	0
0	116	0	79	9	0	1
0	116	0	80	9	0	3
0	116	0	81	9	0	0
0	116	0	73	8	0	5
0	116	0	75	8	0	2
0	116	0	76	8	0	0
0	116	0	77	8	0	3
0	116	0	78	8	0	0
0	116	0	79	8	0	6
0	116	0	80	8	0	6
0	116	0	81	8	0	0
0	116	0	76	7	0	2
0	116	0	78	7	0	1
0	116	0	79	7	0	6
0	116	0	80	7	0	1
0	116	0	81	7	0	9
0	116	0	76	6	0	4
0	116	0	77	6	0	14
0	116	0	78	6	0	4
0	116	0	79	6	0	8
0	116	0	80	6	0	0
0	116	0	77	5	0	4
0	116	0	78	5	0	3
0	116	0	79	5	0	0
0	116	0	81	5	0	7
0	116	0	75	4	0	0
0	116	0	76	4	0	1
0	116	0	77	4	0	11
0	116	0	78	4	0	0
0	116	0	87	4	0	0
0	116	0	88	4	0	5
0	116	0	89	4	0	1
0	116	0	90	4	0	0
0	116	0	91	4	0	3
0	116	0	92	4	0	5
0	116	0	90	3	0	0
0	116	0	91	3	0	6
0	117	0	74	15	0	1
0	117	0	76	14	0	1
0	117	0	77	14	0	0
0	117	0	76	13	0	3
0	117	0	78	13	0	1
0	117	0	73	12	0	2
0	117	0	74	12	0	0
0	117	0	77	12	0	0
0	117	0	78	12	0	1
0	117	0	79	12	0	10
0	117	0	77	11	0	10
0	117	0	78	11	0	9
0	117	0	79	11	0	0
0	117	0	75	10	0	4
0	117	0	76	10	0	0
0	117	0	78	10	0	0
0	117	0	80	10	0	1
0	117	0	74	9	0	1
0	117	0	75	9	0	0
0	117	0	76	9	0	1
0	117	0	78	9	0	1
0	117	0	79	9	0	2
0	117	0	80	9	0	3
0	117	0	81	9	0	0
0	117	0	73	8	0	6
0	117	0	75	8	0	4
0	117	0	76	8	0	0
0	117	0	77	8	0	3
0	117	0	78	8	0	0
0	117	0	79	8	0	12
0	117	0	80	8	0	7
0	117	0	81	8	0	0
0	117	0	76	7	0	1
0	117	0	78	7	0	3
0	117	0	79	7	0	8
0	117	0	80	7	0	0
0	117	0	81	7	0	9
0	117	0	76	6	0	2
0	117	0	77	6	0	14
0	117	0	78	6	0	3
0	117	0	79	6	0	6
0	117	0	80	6	0	0
0	117	0	77	5	0	6
0	117	0	78	5	0	4
0	117	0	79	5	0	1
0	117	0	81	5	0	9
0	117	0	75	4	0	0
0	117	0	76	4	0	0
0	117	0	77	4	0	6
0	117	0	78	4	0	0
0	117	0	87	4	0	0
0	117	0	88	4	0	4
0	117	0	89	4	0	1
0	117	0	90	4	0	0
0	117	0	91	4	0	2
0	117	0	92	4	0	6
0	117	0	90	3	0	0
0	117	0	91	3	0	9
0	118	0	71	16	0	1
0	118	0	75	16	0	1
0	118	0	74	15	0	1
0	118	0	77	15	0	1
0	118	0	76	14	0	0
0	118	0	77	14	0	0
0	118	0	76	13	0	0
0	118	0	78	13	0	0
0	118	0	72	12	0	2
0	118	0	73	12	0	1
0	118	0	74	12	0	0
0	118	0	76	12	0	1
0	118	0	77	12	0	1
0	118	0	78	12	0	1
0	118	0	79	12	0	12
0	118	0	77	11	0	12
0	118	0	78	11	0	7
0	118	0	79	11	0	0
0	118	0	75	10	0	5
0	118	0	76	10	0	0
0	118	0	77	10	0	1
0	118	0	78	10	0	1
0	118	0	80	10	0	1
0	118	0	74	9	0	2
0	118	0	75	9	0	0
0	118	0	76	9	0	0
0	118	0	77	9	0	2
0	118	0	78	9	0	2
0	118	0	79	9	0	2
0	118	0	80	9	0	5
0	118	0	81	9	0	0
0	118	0	73	8	0	8
0	118	0	75	8	0	4
0	118	0	76	8	0	0
0	118	0	77	8	0	5
0	118	0	78	8	0	0
0	118	0	79	8	0	11
0	118	0	80	8	0	6
0	118	0	81	8	0	1
0	118	0	76	7	0	1
0	118	0	78	7	0	4
0	118	0	79	7	0	4
0	118	0	80	7	0	0
0	118	0	81	7	0	10
0	118	0	76	6	0	6
0	118	0	77	6	0	15
0	118	0	78	6	0	2
0	118	0	79	6	0	10
0	118	0	80	6	0	0
0	118	0	77	5	0	6
0	118	0	78	5	0	6
0	118	0	79	5	0	1
0	118	0	81	5	0	7
0	118	0	75	4	0	0
0	118	0	76	4	0	0
0	118	0	77	4	0	9
0	118	0	78	4	0	0
0	118	0	87	4	0	0
0	118	0	88	4	0	3
0	118	0	89	4	0	1
0	118	0	90	4	0	0
0	118	0	91	4	0	1
0	118	0	92	4	0	0
0	118	0	90	3	0	0
0	118	0	91	3	0	4
0	119	0	71	16	0	2
0	119	0	75	16	0	1
0	119	0	74	15	0	1
0	119	0	77	15	0	2
0	119	0	76	14	0	0
0	119	0	77	14	0	0
0	119	0	76	13	0	0
0	119	0	78	13	0	0
0	119	0	72	12	0	3
0	119	0	73	12	0	0
0	119	0	74	12	0	0
0	119	0	76	12	0	0
0	119	0	77	12	0	3
0	119	0	78	12	0	0
0	119	0	79	12	0	6
0	119	0	77	11	0	9
0	119	0	78	11	0	8
0	119	0	79	11	0	0
0	119	0	74	10	0	1
0	119	0	75	10	0	9
0	119	0	76	10	0	0
0	119	0	77	10	0	1
0	119	0	78	10	0	2
0	119	0	79	10	0	1
0	119	0	80	10	0	2
0	119	0	74	9	0	3
0	119	0	75	9	0	0
0	119	0	76	9	0	1
0	119	0	77	9	0	1
0	119	0	78	9	0	1
0	119	0	79	9	0	3
0	119	0	80	9	0	3
0	119	0	81	9	0	0
0	119	0	73	8	0	9
0	119	0	75	8	0	8
0	119	0	76	8	0	0
0	119	0	77	8	0	5
0	119	0	78	8	0	2
0	119	0	79	8	0	16
0	119	0	80	8	0	6
0	119	0	81	8	0	1
0	119	0	76	7	0	1
0	119	0	78	7	0	2
0	119	0	79	7	0	3
0	119	0	80	7	0	0
0	119	0	81	7	0	7
0	119	0	76	6	0	6
0	119	0	77	6	0	7
0	119	0	78	6	0	4
0	119	0	79	6	0	13
0	119	0	80	6	0	1
0	119	0	70	5	0	1
0	119	0	77	5	0	7
0	119	0	78	5	0	6
0	119	0	79	5	0	0
0	119	0	81	5	0	13
0	119	0	75	4	0	0
0	119	0	76	4	0	1
0	119	0	77	4	0	6
0	119	0	78	4	0	0
0	119	0	87	4	0	0
0	119	0	88	4	0	3
0	119	0	89	4	0	3
0	119	0	90	4	0	0
0	119	0	91	4	0	1
0	119	0	92	4	0	0
0	119	0	90	3	0	0
0	119	0	91	3	0	6
0	120	0	71	16	0	1
0	120	0	75	16	0	1
0	120	0	69	15	0	1
0	120	0	74	15	0	1
0	120	0	77	15	0	0
0	120	0	76	14	0	0
0	120	0	77	14	0	0
0	120	0	76	13	0	0
0	120	0	78	13	0	0
0	120	0	72	12	0	3
0	120	0	73	12	0	0
0	120	0	74	12	0	0
0	120	0	76	12	0	0
0	120	0	77	12	0	3
0	120	0	78	12	0	0
0	120	0	79	12	0	6
0	120	0	77	11	0	9
0	120	0	78	11	0	7
0	120	0	79	11	0	1
0	120	0	80	11	0	1
0	120	0	71	10	0	1
0	120	0	74	10	0	2
0	120	0	75	10	0	9
0	120	0	76	10	0	0
0	120	0	77	10	0	2
0	120	0	78	10	0	2
0	120	0	79	10	0	1
0	120	0	80	10	0	2
0	120	0	81	10	0	1
0	120	0	74	9	0	3
0	120	0	75	9	0	0
0	120	0	76	9	0	1
0	120	0	77	9	0	1
0	120	0	78	9	0	3
0	120	0	79	9	0	7
0	120	0	80	9	0	4
0	120	0	81	9	0	1
0	120	0	73	8	0	8
0	120	0	75	8	0	7
0	120	0	76	8	0	0
0	120	0	77	8	0	8
0	120	0	78	8	0	1
0	120	0	79	8	0	13
0	120	0	80	8	0	4
0	120	0	81	8	0	3
0	120	0	76	7	0	5
0	120	0	78	7	0	1
0	120	0	79	7	0	5
0	120	0	80	7	0	0
0	120	0	81	7	0	6
0	120	0	76	6	0	9
0	120	0	77	6	0	10
0	120	0	78	6	0	6
0	120	0	79	6	0	7
0	120	0	80	6	0	2
0	120	0	70	5	0	3
0	120	0	77	5	0	10
0	120	0	78	5	0	8
0	120	0	79	5	0	0
0	120	0	81	5	0	13
0	120	0	75	4	0	1
0	120	0	76	4	0	2
0	120	0	77	4	0	9
0	120	0	78	4	0	0
0	120	0	87	4	0	0
0	120	0	88	4	0	7
0	120	0	89	4	0	4
0	120	0	90	4	0	0
0	120	0	91	4	0	3
0	120	0	92	4	0	0
0	120	0	90	3	0	0
0	120	0	91	3	0	4
0	121	0	71	16	0	2
0	121	0	75	16	0	2
0	121	0	69	15	0	0
0	121	0	74	15	0	1
0	121	0	77	15	0	0
0	121	0	76	14	0	0
0	121	0	77	14	0	0
0	121	0	76	13	0	0
0	121	0	78	13	0	0
0	121	0	72	12	0	5
0	121	0	73	12	0	0
0	121	0	74	12	0	0
0	121	0	76	12	0	0
0	121	0	77	12	0	3
0	121	0	78	12	0	1
0	121	0	79	12	0	7
0	121	0	74	11	0	1
0	121	0	77	11	0	13
0	121	0	78	11	0	5
0	121	0	79	11	0	3
0	121	0	80	11	0	1
0	121	0	71	10	0	2
0	121	0	74	10	0	4
0	121	0	75	10	0	5
0	121	0	76	10	0	0
0	121	0	77	10	0	3
0	121	0	78	10	0	1
0	121	0	79	10	0	6
0	121	0	80	10	0	2
0	121	0	81	10	0	4
0	121	0	74	9	0	4
0	121	0	75	9	0	0
0	121	0	76	9	0	0
0	121	0	77	9	0	0
0	121	0	78	9	0	4
0	121	0	79	9	0	6
0	121	0	80	9	0	9
0	121	0	81	9	0	1
0	121	0	73	8	0	5
0	121	0	75	8	0	7
0	121	0	76	8	0	0
0	121	0	77	8	0	11
0	121	0	78	8	0	0
0	121	0	79	8	0	16
0	121	0	80	8	0	5
0	121	0	81	8	0	2
0	121	0	76	7	0	4
0	121	0	78	7	0	1
0	121	0	79	7	0	6
0	121	0	80	7	0	0
0	121	0	81	7	0	6
0	121	0	76	6	0	8
0	121	0	77	6	0	11
0	121	0	78	6	0	8
0	121	0	79	6	0	16
0	121	0	80	6	0	1
0	121	0	70	5	0	2
0	121	0	75	5	0	1
0	121	0	77	5	0	10
0	121	0	78	5	0	7
0	121	0	79	5	0	0
0	121	0	81	5	0	11
0	121	0	75	4	0	3
0	121	0	76	4	0	3
0	121	0	77	4	0	10
0	121	0	78	4	0	0
0	121	0	87	4	0	0
0	121	0	88	4	0	6
0	121	0	89	4	0	0
0	121	0	90	4	0	0
0	121	0	91	4	0	0
0	121	0	92	4	0	0
0	121	0	90	3	0	0
0	121	0	91	3	0	6
0	122	0	71	16	0	1
0	122	0	75	16	0	2
0	122	0	69	15	0	0
0	122	0	74	15	0	3
0	122	0	77	15	0	0
0	122	0	76	14	0	0
0	122	0	77	14	0	0
0	122	0	76	13	0	0
0	122	0	78	13	0	0
0	122	0	72	12	0	6
0	122	0	73	12	0	0
0	122	0	74	12	0	0
0	122	0	76	12	0	1
0	122	0	77	12	0	7
0	122	0	78	12	0	1
0	122	0	79	12	0	4
0	122	0	74	11	0	4
0	122	0	77	11	0	10
0	122	0	78	11	0	7
0	122	0	79	11	0	3
0	122	0	80	11	0	0
0	122	0	71	10	0	2
0	122	0	74	10	0	5
0	122	0	75	10	0	8
0	122	0	76	10	0	0
0	122	0	77	10	0	0
0	122	0	78	10	0	2
0	122	0	79	10	0	7
0	122	0	80	10	0	2
0	122	0	81	10	0	6
0	122	0	74	9	0	6
0	122	0	75	9	0	0
0	122	0	76	9	0	1
0	122	0	77	9	0	0
0	122	0	78	9	0	6
0	122	0	79	9	0	7
0	122	0	80	9	0	9
0	122	0	81	9	0	1
0	122	0	70	8	0	1
0	122	0	72	8	0	1
0	122	0	73	8	0	11
0	122	0	75	8	0	7
0	122	0	76	8	0	0
0	122	0	77	8	0	9
0	122	0	78	8	0	1
0	122	0	79	8	0	15
0	122	0	80	8	0	8
0	122	0	81	8	0	3
0	122	0	76	7	0	3
0	122	0	77	7	0	1
0	122	0	78	7	0	1
0	122	0	79	7	0	12
0	122	0	80	7	0	1
0	122	0	81	7	0	9
0	122	0	76	6	0	7
0	122	0	77	6	0	9
0	122	0	78	6	0	8
0	122	0	79	6	0	9
0	122	0	80	6	0	0
0	122	0	70	5	0	1
0	122	0	75	5	0	1
0	122	0	76	5	0	2
0	122	0	77	5	0	13
0	122	0	78	5	0	7
0	122	0	79	5	0	0
0	122	0	80	5	0	1
0	122	0	81	5	0	11
0	122	0	75	4	0	5
0	122	0	76	4	0	6
0	122	0	77	4	0	16
0	122	0	78	4	0	0
0	122	0	87	4	0	0
0	122	0	88	4	0	8
0	122	0	89	4	0	0
0	122	0	90	4	0	0
0	122	0	91	4	0	0
0	122	0	92	4	0	0
0	122	0	90	3	0	0
0	122	0	91	3	0	6
0	123	0	71	16	0	2
0	123	0	75	16	0	2
0	123	0	69	15	0	0
0	123	0	74	15	0	5
0	123	0	77	15	0	0
0	123	0	76	14	0	0
0	123	0	77	14	0	0
0	123	0	76	13	0	0
0	123	0	78	13	0	0
0	123	0	72	12	0	5
0	123	0	73	12	0	0
0	123	0	74	12	0	0
0	123	0	76	12	0	0
0	123	0	77	12	0	10
0	123	0	78	12	0	1
0	123	0	79	12	0	6
0	123	0	74	11	0	3
0	123	0	76	11	0	3
0	123	0	77	11	0	8
0	123	0	78	11	0	9
0	123	0	79	11	0	3
0	123	0	80	11	0	0
0	123	0	71	10	0	4
0	123	0	74	10	0	5
0	123	0	75	10	0	13
0	123	0	76	10	0	0
0	123	0	77	10	0	2
0	123	0	78	10	0	1
0	123	0	79	10	0	8
0	123	0	80	10	0	3
0	123	0	81	10	0	3
0	123	0	74	9	0	5
0	123	0	75	9	0	0
0	123	0	76	9	0	1
0	123	0	77	9	0	0
0	123	0	78	9	0	12
0	123	0	79	9	0	8
0	123	0	80	9	0	9
0	123	0	81	9	0	1
0	123	0	70	8	0	0
0	123	0	72	8	0	3
0	123	0	73	8	0	13
0	123	0	75	8	0	1
0	123	0	76	8	0	0
0	123	0	77	8	0	14
0	123	0	78	8	0	3
0	123	0	79	8	0	14
0	123	0	80	8	0	8
0	123	0	81	8	0	2
0	123	0	76	7	0	3
0	123	0	77	7	0	1
0	123	0	78	7	0	2
0	123	0	79	7	0	10
0	123	0	80	7	0	1
0	123	0	81	7	0	11
0	123	0	76	6	0	8
0	123	0	77	6	0	10
0	123	0	78	6	0	7
0	123	0	79	6	0	10
0	123	0	80	6	0	1
0	123	0	70	5	0	1
0	123	0	75	5	0	5
0	123	0	76	5	0	2
0	123	0	77	5	0	8
0	123	0	78	5	0	10
0	123	0	79	5	0	0
0	123	0	80	5	0	2
0	123	0	81	5	0	9
0	123	0	75	4	0	5
0	123	0	76	4	0	2
0	123	0	77	4	0	8
0	123	0	78	4	0	0
0	123	0	87	4	0	0
0	123	0	88	4	0	11
0	123	0	89	4	0	0
0	123	0	90	4	0	1
0	123	0	91	4	0	0
0	123	0	92	4	0	0
0	123	0	90	3	0	0
0	123	0	91	3	0	1
0	124	0	71	16	0	1
0	124	0	75	16	0	3
0	124	0	69	15	0	0
0	124	0	74	15	0	7
0	124	0	77	15	0	0
0	124	0	76	14	0	0
0	124	0	77	14	0	0
0	124	0	76	13	0	0
0	124	0	77	13	0	1
0	124	0	78	13	0	0
0	124	0	72	12	0	7
0	124	0	73	12	0	0
0	124	0	74	12	0	0
0	124	0	76	12	0	0
0	124	0	77	12	0	10
0	124	0	78	12	0	2
0	124	0	79	12	0	6
0	124	0	74	11	0	2
0	124	0	75	11	0	1
0	124	0	76	11	0	6
0	124	0	77	11	0	10
0	124	0	78	11	0	4
0	124	0	79	11	0	6
0	124	0	80	11	0	1
0	124	0	71	10	0	5
0	124	0	74	10	0	3
0	124	0	75	10	0	15
0	124	0	76	10	0	0
0	124	0	77	10	0	0
0	124	0	78	10	0	2
0	124	0	79	10	0	7
0	124	0	80	10	0	4
0	124	0	81	10	0	4
0	124	0	71	9	0	1
0	124	0	74	9	0	6
0	124	0	75	9	0	0
0	124	0	76	9	0	3
0	124	0	77	9	0	0
0	124	0	78	9	0	10
0	124	0	79	9	0	12
0	124	0	80	9	0	7
0	124	0	81	9	0	1
0	124	0	70	8	0	0
0	124	0	72	8	0	2
0	124	0	73	8	0	12
0	124	0	75	8	0	0
0	124	0	76	8	0	2
0	124	0	77	8	0	11
0	124	0	78	8	0	4
0	124	0	79	8	0	11
0	124	0	80	8	0	5
0	124	0	81	8	0	2
0	124	0	76	7	0	2
0	124	0	77	7	0	1
0	124	0	78	7	0	2
0	124	0	79	7	0	9
0	124	0	80	7	0	1
0	124	0	81	7	0	10
0	124	0	73	6	0	1
0	124	0	76	6	0	7
0	124	0	77	6	0	9
0	124	0	78	6	0	7
0	124	0	79	6	0	11
0	124	0	80	6	0	0
0	124	0	70	5	0	0
0	124	0	75	5	0	2
0	124	0	76	5	0	4
0	124	0	77	5	0	10
0	124	0	78	5	0	9
0	124	0	79	5	0	0
0	124	0	80	5	0	2
0	124	0	81	5	0	12
0	124	0	75	4	0	5
0	124	0	76	4	0	4
0	124	0	77	4	0	5
0	124	0	78	4	0	1
0	124	0	87	4	0	1
0	124	0	88	4	0	3
0	124	0	89	4	0	0
0	124	0	90	4	0	2
0	124	0	91	4	0	0
0	124	0	92	4	0	0
0	124	0	90	3	0	0
0	124	0	91	3	0	0
0	125	0	71	16	0	0
0	125	0	75	16	0	5
0	125	0	69	15	0	0
0	125	0	74	15	0	9
0	125	0	76	15	0	1
0	125	0	77	15	0	0
0	125	0	76	14	0	0
0	125	0	77	14	0	0
0	125	0	71	13	0	1
0	125	0	76	13	0	0
0	125	0	77	13	0	2
0	125	0	78	13	0	0
0	125	0	72	12	0	6
0	125	0	73	12	0	0
0	125	0	74	12	0	0
0	125	0	76	12	0	0
0	125	0	77	12	0	10
0	125	0	78	12	0	1
0	125	0	79	12	0	11
0	125	0	74	11	0	3
0	125	0	75	11	0	3
0	125	0	76	11	0	7
0	125	0	77	11	0	7
0	125	0	78	11	0	7
0	125	0	79	11	0	6
0	125	0	80	11	0	1
0	125	0	71	10	0	5
0	125	0	74	10	0	3
0	125	0	75	10	0	17
0	125	0	76	10	0	0
0	125	0	77	10	0	0
0	125	0	78	10	0	5
0	125	0	79	10	0	6
0	125	0	80	10	0	4
0	125	0	81	10	0	3
0	125	0	71	9	0	0
0	125	0	74	9	0	4
0	125	0	75	9	0	0
0	125	0	76	9	0	7
0	125	0	77	9	0	0
0	125	0	78	9	0	6
0	125	0	79	9	0	16
0	125	0	80	9	0	11
0	125	0	81	9	0	2
0	125	0	70	8	0	0
0	125	0	72	8	0	3
0	125	0	73	8	0	11
0	125	0	75	8	0	0
0	125	0	76	8	0	2
0	125	0	77	8	0	13
0	125	0	78	8	0	10
0	125	0	79	8	0	9
0	125	0	80	8	0	7
0	125	0	81	8	0	2
0	125	0	76	7	0	1
0	125	0	77	7	0	3
0	125	0	78	7	0	1
0	125	0	79	7	0	9
0	125	0	80	7	0	0
0	125	0	81	7	0	10
0	125	0	73	6	0	0
0	125	0	76	6	0	9
0	125	0	77	6	0	7
0	125	0	78	6	0	10
0	125	0	79	6	0	8
0	125	0	80	6	0	1
0	125	0	70	5	0	0
0	125	0	75	5	0	5
0	125	0	76	5	0	4
0	125	0	77	5	0	5
0	125	0	78	5	0	10
0	125	0	79	5	0	2
0	125	0	80	5	0	4
0	125	0	81	5	0	11
0	125	0	75	4	0	4
0	125	0	76	4	0	1
0	125	0	77	4	0	6
0	125	0	78	4	0	4
0	125	0	87	4	0	2
0	125	0	88	4	0	7
0	125	0	89	4	0	0
0	125	0	90	4	0	4
0	125	0	91	4	0	0
0	125	0	92	4	0	0
0	125	0	90	3	0	0
0	125	0	91	3	0	0
0	126	0	71	16	0	0
0	126	0	74	16	0	1
0	126	0	75	16	0	4
0	126	0	69	15	0	0
0	126	0	74	15	0	4
0	126	0	76	15	0	2
0	126	0	77	15	0	0
0	126	0	71	14	0	1
0	126	0	76	14	0	0
0	126	0	77	14	0	0
0	126	0	70	13	0	1
0	126	0	71	13	0	1
0	126	0	76	13	0	0
0	126	0	77	13	0	7
0	126	0	78	13	0	1
0	126	0	72	12	0	6
0	126	0	73	12	0	0
0	126	0	74	12	0	1
0	126	0	76	12	0	0
0	126	0	77	12	0	7
0	126	0	78	12	0	3
0	126	0	79	12	0	9
0	126	0	74	11	0	3
0	126	0	75	11	0	4
0	126	0	76	11	0	9
0	126	0	77	11	0	7
0	126	0	78	11	0	8
0	126	0	79	11	0	2
0	126	0	80	11	0	1
0	126	0	71	10	0	3
0	126	0	73	10	0	1
0	126	0	74	10	0	6
0	126	0	75	10	0	14
0	126	0	76	10	0	0
0	126	0	77	10	0	0
0	126	0	78	10	0	2
0	126	0	79	10	0	6
0	126	0	80	10	0	5
0	126	0	81	10	0	3
0	126	0	71	9	0	0
0	126	0	74	9	0	3
0	126	0	75	9	0	1
0	126	0	76	9	0	10
0	126	0	77	9	0	0
0	126	0	78	9	0	2
0	126	0	79	9	0	21
0	126	0	80	9	0	9
0	126	0	81	9	0	3
0	126	0	70	8	0	0
0	126	0	72	8	0	1
0	126	0	73	8	0	13
0	126	0	74	8	0	1
0	126	0	75	8	0	0
0	126	0	76	8	0	1
0	126	0	77	8	0	11
0	126	0	78	8	0	8
0	126	0	79	8	0	9
0	126	0	80	8	0	6
0	126	0	81	8	0	2
0	126	0	76	7	0	1
0	126	0	77	7	0	6
0	126	0	78	7	0	1
0	126	0	79	7	0	9
0	126	0	80	7	0	0
0	126	0	81	7	0	15
0	126	0	73	6	0	0
0	126	0	74	6	0	1
0	126	0	75	6	0	1
0	126	0	76	6	0	6
0	126	0	77	6	0	5
0	126	0	78	6	0	8
0	126	0	79	6	0	8
0	126	0	80	6	0	2
0	126	0	70	5	0	0
0	126	0	75	5	0	4
0	126	0	76	5	0	3
0	126	0	77	5	0	4
0	126	0	78	5	0	9
0	126	0	79	5	0	2
0	126	0	80	5	0	6
0	126	0	81	5	0	8
0	126	0	72	4	0	1
0	126	0	75	4	0	4
0	126	0	76	4	0	0
0	126	0	77	4	0	6
0	126	0	78	4	0	6
0	126	0	87	4	0	3
0	126	0	88	4	0	6
0	126	0	89	4	0	0
0	126	0	90	4	0	9
0	126	0	91	4	0	0
0	126	0	92	4	0	0
0	126	0	90	3	0	0
0	126	0	91	3	0	0
0	127	0	70	17	0	1
0	127	0	71	16	0	0
0	127	0	74	16	0	0
0	127	0	75	16	0	6
0	127	0	69	15	0	0
0	127	0	74	15	0	4
0	127	0	76	15	0	2
0	127	0	77	15	0	0
0	127	0	71	14	0	1
0	127	0	76	14	0	0
0	127	0	77	14	0	0
0	127	0	70	13	0	6
0	127	0	71	13	0	2
0	127	0	76	13	0	0
0	127	0	77	13	0	7
0	127	0	78	13	0	0
0	127	0	72	12	0	5
0	127	0	73	12	0	2
0	127	0	74	12	0	1
0	127	0	75	12	0	1
0	127	0	76	12	0	0
0	127	0	77	12	0	9
0	127	0	78	12	0	7
0	127	0	79	12	0	11
0	127	0	74	11	0	0
0	127	0	75	11	0	6
0	127	0	76	11	0	8
0	127	0	77	11	0	8
0	127	0	78	11	0	10
0	127	0	79	11	0	4
0	127	0	80	11	0	2
0	127	0	71	10	0	3
0	127	0	73	10	0	0
0	127	0	74	10	0	7
0	127	0	75	10	0	15
0	127	0	76	10	0	0
0	127	0	77	10	0	0
0	127	0	78	10	0	4
0	127	0	79	10	0	6
0	127	0	80	10	0	7
0	127	0	81	10	0	3
0	127	0	71	9	0	0
0	127	0	74	9	0	4
0	127	0	75	9	0	0
0	127	0	76	9	0	10
0	127	0	77	9	0	1
0	127	0	78	9	0	6
0	127	0	79	9	0	14
0	127	0	80	9	0	10
0	127	0	81	9	0	4
0	127	0	70	8	0	0
0	127	0	72	8	0	1
0	127	0	73	8	0	13
0	127	0	74	8	0	5
0	127	0	75	8	0	0
0	127	0	76	8	0	1
0	127	0	77	8	0	12
0	127	0	78	8	0	6
0	127	0	79	8	0	10
0	127	0	80	8	0	7
0	127	0	81	8	0	5
0	127	0	72	7	0	1
0	127	0	76	7	0	2
0	127	0	77	7	0	14
0	127	0	78	7	0	1
0	127	0	79	7	0	10
0	127	0	80	7	0	1
0	127	0	81	7	0	13
0	127	0	73	6	0	2
0	127	0	74	6	0	1
0	127	0	75	6	0	1
0	127	0	76	6	0	9
0	127	0	77	6	0	7
0	127	0	78	6	0	6
0	127	0	79	6	0	10
0	127	0	80	6	0	3
0	127	0	70	5	0	0
0	127	0	75	5	0	1
0	127	0	76	5	0	2
0	127	0	77	5	0	7
0	127	0	78	5	0	9
0	127	0	79	5	0	4
0	127	0	80	5	0	6
0	127	0	81	5	0	8
0	127	0	72	4	0	4
0	127	0	75	4	0	8
0	127	0	76	4	0	0
0	127	0	77	4	0	4
0	127	0	78	4	0	6
0	127	0	87	4	0	1
0	127	0	88	4	0	4
0	127	0	89	4	0	0
0	127	0	90	4	0	7
0	127	0	91	4	0	0
0	127	0	92	4	0	0
0	127	0	90	3	0	0
0	127	0	91	3	0	0
0	128	0	70	17	0	1
0	128	0	71	16	0	0
0	128	0	74	16	0	0
0	128	0	75	16	0	5
0	128	0	69	15	0	0
0	128	0	74	15	0	6
0	128	0	76	15	0	3
0	128	0	77	15	0	0
0	128	0	71	14	0	0
0	128	0	76	14	0	0
0	128	0	77	14	0	0
0	128	0	70	13	0	6
0	128	0	71	13	0	2
0	128	0	76	13	0	0
0	128	0	77	13	0	8
0	128	0	78	13	0	0
0	128	0	70	12	0	1
0	128	0	72	12	0	8
0	128	0	73	12	0	2
0	128	0	74	12	0	2
0	128	0	75	12	0	1
0	128	0	76	12	0	0
0	128	0	77	12	0	6
0	128	0	78	12	0	3
0	128	0	79	12	0	10
0	128	0	72	11	0	1
0	128	0	74	11	0	0
0	128	0	75	11	0	12
0	128	0	76	11	0	8
0	128	0	77	11	0	13
0	128	0	78	11	0	7
0	128	0	79	11	0	2
0	128	0	80	11	0	2
0	128	0	71	10	0	2
0	128	0	73	10	0	0
0	128	0	74	10	0	12
0	128	0	75	10	0	13
0	128	0	76	10	0	1
0	128	0	77	10	0	1
0	128	0	78	10	0	1
0	128	0	79	10	0	7
0	128	0	80	10	0	11
0	128	0	81	10	0	6
0	128	0	71	9	0	0
0	128	0	73	9	0	1
0	128	0	74	9	0	3
0	128	0	75	9	0	0
0	128	0	76	9	0	6
0	128	0	77	9	0	2
0	128	0	78	9	0	5
0	128	0	79	9	0	15
0	128	0	80	9	0	13
0	128	0	81	9	0	7
0	128	0	70	8	0	0
0	128	0	72	8	0	2
0	128	0	73	8	0	19
0	128	0	74	8	0	7
0	128	0	75	8	0	0
0	128	0	76	8	0	0
0	128	0	77	8	0	10
0	128	0	78	8	0	7
0	128	0	79	8	0	12
0	128	0	80	8	0	11
0	128	0	81	8	0	7
0	128	0	72	7	0	0
0	128	0	76	7	0	3
0	128	0	77	7	0	8
0	128	0	78	7	0	2
0	128	0	79	7	0	10
0	128	0	80	7	0	1
0	128	0	81	7	0	13
0	128	0	73	6	0	8
0	128	0	74	6	0	0
0	128	0	75	6	0	2
0	128	0	76	6	0	9
0	128	0	77	6	0	6
0	128	0	78	6	0	4
0	128	0	79	6	0	14
0	128	0	80	6	0	4
0	128	0	70	5	0	0
0	128	0	75	5	0	0
0	128	0	76	5	0	3
0	128	0	77	5	0	5
0	128	0	78	5	0	8
0	128	0	79	5	0	5
0	128	0	80	5	0	6
0	128	0	81	5	0	4
0	128	0	72	4	0	1
0	128	0	75	4	0	9
0	128	0	76	4	0	0
0	128	0	77	4	0	3
0	128	0	78	4	0	7
0	128	0	87	4	0	3
0	128	0	88	4	0	1
0	128	0	89	4	0	0
0	128	0	90	4	0	7
0	128	0	91	4	0	0
0	128	0	92	4	0	0
0	128	0	90	3	0	0
0	128	0	91	3	0	0
0	129	0	70	17	0	1
0	129	0	71	16	0	1
0	129	0	74	16	0	0
0	129	0	75	16	0	4
0	129	0	69	15	0	0
0	129	0	74	15	0	6
0	129	0	76	15	0	0
0	129	0	77	15	0	0
0	129	0	71	14	0	0
0	129	0	76	14	0	0
0	129	0	77	14	0	0
0	129	0	70	13	0	9
0	129	0	71	13	0	3
0	129	0	76	13	0	0
0	129	0	77	13	0	10
0	129	0	78	13	0	0
0	129	0	70	12	0	3
0	129	0	72	12	0	5
0	129	0	73	12	0	5
0	129	0	74	12	0	1
0	129	0	75	12	0	3
0	129	0	76	12	0	0
0	129	0	77	12	0	11
0	129	0	78	12	0	4
0	129	0	79	12	0	7
0	129	0	69	11	0	1
0	129	0	72	11	0	0
0	129	0	74	11	0	0
0	129	0	75	11	0	19
0	129	0	76	11	0	7
0	129	0	77	11	0	22
0	129	0	78	11	0	8
0	129	0	79	11	0	2
0	129	0	80	11	0	5
0	129	0	71	10	0	4
0	129	0	73	10	0	1
0	129	0	74	10	0	9
0	129	0	75	10	0	12
0	129	0	76	10	0	2
0	129	0	77	10	0	1
0	129	0	78	10	0	3
0	129	0	79	10	0	5
0	129	0	80	10	0	12
0	129	0	81	10	0	8
0	129	0	71	9	0	1
0	129	0	73	9	0	4
0	129	0	74	9	0	4
0	129	0	75	9	0	0
0	129	0	76	9	0	3
0	129	0	77	9	0	1
0	129	0	78	9	0	5
0	129	0	79	9	0	12
0	129	0	80	9	0	7
0	129	0	81	9	0	6
0	129	0	70	8	0	1
0	129	0	72	8	0	3
0	129	0	73	8	0	13
0	129	0	74	8	0	11
0	129	0	75	8	0	0
0	129	0	76	8	0	0
0	129	0	77	8	0	9
0	129	0	78	8	0	10
0	129	0	79	8	0	11
0	129	0	80	8	0	10
0	129	0	81	8	0	8
0	129	0	72	7	0	0
0	129	0	73	7	0	1
0	129	0	75	7	0	1
0	129	0	76	7	0	5
0	129	0	77	7	0	6
0	129	0	78	7	0	2
0	129	0	79	7	0	15
0	129	0	80	7	0	0
0	129	0	81	7	0	9
0	129	0	73	6	0	4
0	129	0	74	6	0	0
0	129	0	75	6	0	3
0	129	0	76	6	0	7
0	129	0	77	6	0	5
0	129	0	78	6	0	4
0	129	0	79	6	0	7
0	129	0	80	6	0	9
0	129	0	70	5	0	0
0	129	0	74	5	0	1
0	129	0	75	5	0	1
0	129	0	76	5	0	2
0	129	0	77	5	0	11
0	129	0	78	5	0	2
0	129	0	79	5	0	7
0	129	0	80	5	0	3
0	129	0	81	5	0	4
0	129	0	72	4	0	1
0	129	0	75	4	0	10
0	129	0	76	4	0	1
0	129	0	77	4	0	3
0	129	0	78	4	0	8
0	129	0	87	4	0	7
0	129	0	88	4	0	0
0	129	0	89	4	0	0
0	129	0	90	4	0	5
0	129	0	91	4	0	0
0	129	0	92	4	0	0
0	129	0	90	3	0	0
0	129	0	91	3	0	0
0	130	0	70	17	0	2
0	130	0	71	17	0	1
0	130	0	71	16	0	0
0	130	0	74	16	0	0
0	130	0	75	16	0	5
0	130	0	69	15	0	0
0	130	0	74	15	0	2
0	130	0	75	15	0	1
0	130	0	76	15	0	0
0	130	0	77	15	0	0
0	130	0	71	14	0	0
0	130	0	76	14	0	0
0	130	0	77	14	0	1
0	130	0	70	13	0	13
0	130	0	71	13	0	2
0	130	0	76	13	0	0
0	130	0	77	13	0	5
0	130	0	78	13	0	0
0	130	0	70	12	0	3
0	130	0	72	12	0	5
0	130	0	73	12	0	4
0	130	0	74	12	0	5
0	130	0	75	12	0	2
0	130	0	76	12	0	3
0	130	0	77	12	0	8
0	130	0	78	12	0	7
0	130	0	79	12	0	3
0	130	0	69	11	0	2
0	130	0	72	11	0	0
0	130	0	73	11	0	1
0	130	0	74	11	0	0
0	130	0	75	11	0	19
0	130	0	76	11	0	8
0	130	0	77	11	0	24
0	130	0	78	11	0	6
0	130	0	79	11	0	3
0	130	0	80	11	0	7
0	130	0	71	10	0	4
0	130	0	73	10	0	1
0	130	0	74	10	0	9
0	130	0	75	10	0	8
0	130	0	76	10	0	0
0	130	0	77	10	0	1
0	130	0	78	10	0	3
0	130	0	79	10	0	10
0	130	0	80	10	0	9
0	130	0	81	10	0	8
0	130	0	71	9	0	1
0	130	0	73	9	0	1
0	130	0	74	9	0	7
0	130	0	75	9	0	0
0	130	0	76	9	0	3
0	130	0	77	9	0	3
0	130	0	78	9	0	8
0	130	0	79	9	0	6
0	130	0	80	9	0	7
0	130	0	81	9	0	6
0	130	0	70	8	0	1
0	130	0	72	8	0	3
0	130	0	73	8	0	19
0	130	0	74	8	0	11
0	130	0	75	8	0	0
0	130	0	76	8	0	0
0	130	0	77	8	0	11
0	130	0	78	8	0	9
0	130	0	79	8	0	6
0	130	0	80	8	0	7
0	130	0	81	8	0	5
0	130	0	72	7	0	1
0	130	0	73	7	0	3
0	130	0	74	7	0	1
0	130	0	75	7	0	0
0	130	0	76	7	0	1
0	130	0	77	7	0	6
0	130	0	78	7	0	1
0	130	0	79	7	0	17
0	130	0	80	7	0	1
0	130	0	81	7	0	6
0	130	0	73	6	0	3
0	130	0	74	6	0	0
0	130	0	75	6	0	7
0	130	0	76	6	0	7
0	130	0	77	6	0	6
0	130	0	78	6	0	3
0	130	0	79	6	0	7
0	130	0	80	6	0	6
0	130	0	70	5	0	0
0	130	0	73	5	0	1
0	130	0	74	5	0	0
0	130	0	75	5	0	2
0	130	0	76	5	0	3
0	130	0	77	5	0	8
0	130	0	78	5	0	6
0	130	0	79	5	0	9
0	130	0	80	5	0	5
0	130	0	81	5	0	8
0	130	0	72	4	0	1
0	130	0	74	4	0	1
0	130	0	75	4	0	8
0	130	0	76	4	0	2
0	130	0	77	4	0	7
0	130	0	78	4	0	10
0	130	0	87	4	0	7
0	130	0	88	4	0	0
0	130	0	89	4	0	0
0	130	0	90	4	0	6
0	130	0	91	4	0	0
0	130	0	92	4	0	0
0	130	0	90	3	0	0
0	130	0	91	3	0	0
0	131	0	70	17	0	6
0	131	0	71	17	0	0
0	131	0	70	16	0	1
0	131	0	71	16	0	0
0	131	0	74	16	0	0
0	131	0	75	16	0	3
0	131	0	69	15	0	0
0	131	0	73	15	0	1
0	131	0	74	15	0	1
0	131	0	75	15	0	0
0	131	0	76	15	0	0
0	131	0	77	15	0	1
0	131	0	71	14	0	0
0	131	0	76	14	0	0
0	131	0	77	14	0	4
0	131	0	70	13	0	8
0	131	0	71	13	0	2
0	131	0	72	13	0	1
0	131	0	73	13	0	1
0	131	0	76	13	0	1
0	131	0	77	13	0	3
0	131	0	78	13	0	0
0	131	0	69	12	0	1
0	131	0	70	12	0	3
0	131	0	72	12	0	7
0	131	0	73	12	0	5
0	131	0	74	12	0	9
0	131	0	75	12	0	3
0	131	0	76	12	0	3
0	131	0	77	12	0	8
0	131	0	78	12	0	8
0	131	0	79	12	0	4
0	131	0	68	11	0	1
0	131	0	69	11	0	4
0	131	0	70	11	0	1
0	131	0	72	11	0	0
0	131	0	73	11	0	0
0	131	0	74	11	0	1
0	131	0	75	11	0	17
0	131	0	76	11	0	4
0	131	0	77	11	0	12
0	131	0	78	11	0	6
0	131	0	79	11	0	5
0	131	0	80	11	0	12
0	131	0	70	10	0	1
0	131	0	71	10	0	5
0	131	0	73	10	0	1
0	131	0	74	10	0	10
0	131	0	75	10	0	8
0	131	0	76	10	0	0
0	131	0	77	10	0	0
0	131	0	78	10	0	3
0	131	0	79	10	0	11
0	131	0	80	10	0	8
0	131	0	81	10	0	5
0	131	0	71	9	0	1
0	131	0	73	9	0	0
0	131	0	74	9	0	9
0	131	0	75	9	0	0
0	131	0	76	9	0	3
0	131	0	77	9	0	5
0	131	0	78	9	0	8
0	131	0	79	9	0	4
0	131	0	80	9	0	9
0	131	0	81	9	0	6
0	131	0	70	8	0	0
0	131	0	72	8	0	1
0	131	0	73	8	0	12
0	131	0	74	8	0	10
0	131	0	75	8	0	1
0	131	0	76	8	0	0
0	131	0	77	8	0	13
0	131	0	78	8	0	12
0	131	0	79	8	0	8
0	131	0	80	8	0	8
0	131	0	81	8	0	7
0	131	0	72	7	0	0
0	131	0	73	7	0	6
0	131	0	74	7	0	4
0	131	0	75	7	0	1
0	131	0	76	7	0	2
0	131	0	77	7	0	9
0	131	0	78	7	0	3
0	131	0	79	7	0	10
0	131	0	80	7	0	2
0	131	0	81	7	0	2
0	131	0	73	6	0	2
0	131	0	74	6	0	0
0	131	0	75	6	0	8
0	131	0	76	6	0	8
0	131	0	77	6	0	10
0	131	0	78	6	0	1
0	131	0	79	6	0	5
0	131	0	80	6	0	5
0	131	0	70	5	0	0
0	131	0	73	5	0	0
0	131	0	74	5	0	0
0	131	0	75	5	0	2
0	131	0	76	5	0	3
0	131	0	77	5	0	7
0	131	0	78	5	0	11
0	131	0	79	5	0	4
0	131	0	80	5	0	6
0	131	0	81	5	0	9
0	131	0	72	4	0	2
0	131	0	74	4	0	2
0	131	0	75	4	0	6
0	131	0	76	4	0	2
0	131	0	77	4	0	7
0	131	0	78	4	0	7
0	131	0	87	4	0	7
0	131	0	88	4	0	0
0	131	0	89	4	0	0
0	131	0	90	4	0	6
0	131	0	91	4	0	0
0	131	0	92	4	0	0
0	131	0	90	3	0	0
0	131	0	91	3	0	0
0	132	0	70	17	0	8
0	132	0	71	17	0	0
0	132	0	68	16	0	1
0	132	0	70	16	0	1
0	132	0	71	16	0	0
0	132	0	73	16	0	1
0	132	0	74	16	0	0
0	132	0	75	16	0	4
0	132	0	69	15	0	0
0	132	0	73	15	0	1
0	132	0	74	15	0	2
0	132	0	75	15	0	0
0	132	0	76	15	0	0
0	132	0	77	15	0	3
0	132	0	71	14	0	1
0	132	0	74	14	0	1
0	132	0	76	14	0	0
0	132	0	77	14	0	4
0	132	0	70	13	0	9
0	132	0	71	13	0	3
0	132	0	72	13	0	3
0	132	0	73	13	0	3
0	132	0	76	13	0	2
0	132	0	77	13	0	2
0	132	0	78	13	0	0
0	132	0	69	12	0	2
0	132	0	70	12	0	0
0	132	0	72	12	0	7
0	132	0	73	12	0	7
0	132	0	74	12	0	5
0	132	0	75	12	0	5
0	132	0	76	12	0	2
0	132	0	77	12	0	8
0	132	0	78	12	0	9
0	132	0	79	12	0	1
0	132	0	68	11	0	0
0	132	0	69	11	0	4
0	132	0	70	11	0	1
0	132	0	72	11	0	0
0	132	0	73	11	0	0
0	132	0	74	11	0	0
0	132	0	75	11	0	16
0	132	0	76	11	0	4
0	132	0	77	11	0	5
0	132	0	78	11	0	5
0	132	0	79	11	0	8
0	132	0	80	11	0	15
0	132	0	70	10	0	1
0	132	0	71	10	0	4
0	132	0	72	10	0	1
0	132	0	73	10	0	0
0	132	0	74	10	0	9
0	132	0	75	10	0	8
0	132	0	76	10	0	0
0	132	0	77	10	0	0
0	132	0	78	10	0	7
0	132	0	79	10	0	9
0	132	0	80	10	0	9
0	132	0	81	10	0	2
0	132	0	68	9	0	1
0	132	0	71	9	0	1
0	132	0	72	9	0	1
0	132	0	73	9	0	0
0	132	0	74	9	0	6
0	132	0	75	9	0	1
0	132	0	76	9	0	5
0	132	0	77	9	0	4
0	132	0	78	9	0	9
0	132	0	79	9	0	8
0	132	0	80	9	0	15
0	132	0	81	9	0	8
0	132	0	70	8	0	0
0	132	0	72	8	0	1
0	132	0	73	8	0	9
0	132	0	74	8	0	7
0	132	0	75	8	0	2
0	132	0	76	8	0	0
0	132	0	77	8	0	4
0	132	0	78	8	0	13
0	132	0	79	8	0	8
0	132	0	80	8	0	7
0	132	0	81	8	0	10
0	132	0	72	7	0	0
0	132	0	73	7	0	5
0	132	0	74	7	0	7
0	132	0	75	7	0	0
0	132	0	76	7	0	3
0	132	0	77	7	0	9
0	132	0	78	7	0	3
0	132	0	79	7	0	6
0	132	0	80	7	0	7
0	132	0	81	7	0	2
0	132	0	73	6	0	2
0	132	0	74	6	0	0
0	132	0	75	6	0	10
0	132	0	76	6	0	7
0	132	0	77	6	0	8
0	132	0	78	6	0	5
0	132	0	79	6	0	4
0	132	0	80	6	0	3
0	132	0	70	5	0	1
0	132	0	73	5	0	0
0	132	0	74	5	0	0
0	132	0	75	5	0	1
0	132	0	76	5	0	5
0	132	0	77	5	0	3
0	132	0	78	5	0	10
0	132	0	79	5	0	2
0	132	0	80	5	0	6
0	132	0	81	5	0	8
0	132	0	72	4	0	0
0	132	0	74	4	0	2
0	132	0	75	4	0	7
0	132	0	76	4	0	3
0	132	0	77	4	0	6
0	132	0	78	4	0	10
0	132	0	87	4	0	9
0	132	0	88	4	0	0
0	132	0	89	4	0	0
0	132	0	90	4	0	9
0	132	0	91	4	0	0
0	132	0	92	4	0	0
0	132	0	90	3	0	0
0	132	0	91	3	0	0
0	133	0	67	19	0	1
0	133	0	67	17	0	1
0	133	0	70	17	0	10
0	133	0	71	17	0	0
0	133	0	68	16	0	0
0	133	0	70	16	0	4
0	133	0	71	16	0	0
0	133	0	73	16	0	0
0	133	0	74	16	0	0
0	133	0	75	16	0	5
0	133	0	69	15	0	0
0	133	0	73	15	0	1
0	133	0	74	15	0	2
0	133	0	75	15	0	0
0	133	0	76	15	0	0
0	133	0	77	15	0	3
0	133	0	71	14	0	3
0	133	0	74	14	0	2
0	133	0	76	14	0	0
0	133	0	77	14	0	10
0	133	0	70	13	0	8
0	133	0	71	13	0	1
0	133	0	72	13	0	3
0	133	0	73	13	0	3
0	133	0	74	13	0	1
0	133	0	76	13	0	1
0	133	0	77	13	0	4
0	133	0	78	13	0	0
0	133	0	68	12	0	1
0	133	0	69	12	0	2
0	133	0	70	12	0	0
0	133	0	72	12	0	8
0	133	0	73	12	0	5
0	133	0	74	12	0	9
0	133	0	75	12	0	5
0	133	0	76	12	0	5
0	133	0	77	12	0	11
0	133	0	78	12	0	3
0	133	0	79	12	0	1
0	133	0	68	11	0	1
0	133	0	69	11	0	4
0	133	0	70	11	0	1
0	133	0	72	11	0	0
0	133	0	73	11	0	0
0	133	0	74	11	0	0
0	133	0	75	11	0	12
0	133	0	76	11	0	3
0	133	0	77	11	0	7
0	133	0	78	11	0	7
0	133	0	79	11	0	12
0	133	0	80	11	0	8
0	133	0	70	10	0	0
0	133	0	71	10	0	3
0	133	0	72	10	0	1
0	133	0	73	10	0	0
0	133	0	74	10	0	12
0	133	0	75	10	0	4
0	133	0	76	10	0	0
0	133	0	77	10	0	0
0	133	0	78	10	0	6
0	133	0	79	10	0	5
0	133	0	80	10	0	7
0	133	0	81	10	0	2
0	133	0	68	9	0	5
0	133	0	71	9	0	3
0	133	0	72	9	0	2
0	133	0	73	9	0	0
0	133	0	74	9	0	3
0	133	0	75	9	0	1
0	133	0	76	9	0	3
0	133	0	77	9	0	3
0	133	0	78	9	0	7
0	133	0	79	9	0	11
0	133	0	80	9	0	11
0	133	0	81	9	0	6
0	133	0	70	8	0	0
0	133	0	71	8	0	1
0	133	0	72	8	0	0
0	133	0	73	8	0	6
0	133	0	74	8	0	9
0	133	0	75	8	0	4
0	133	0	76	8	0	1
0	133	0	77	8	0	5
0	133	0	78	8	0	10
0	133	0	79	8	0	7
0	133	0	80	8	0	11
0	133	0	81	8	0	9
0	133	0	68	7	0	1
0	133	0	72	7	0	0
0	133	0	73	7	0	9
0	133	0	74	7	0	4
0	133	0	75	7	0	1
0	133	0	76	7	0	4
0	133	0	77	7	0	7
0	133	0	78	7	0	5
0	133	0	79	7	0	3
0	133	0	80	7	0	8
0	133	0	81	7	0	3
0	133	0	73	6	0	4
0	133	0	74	6	0	0
0	133	0	75	6	0	9
0	133	0	76	6	0	10
0	133	0	77	6	0	6
0	133	0	78	6	0	4
0	133	0	79	6	0	5
0	133	0	80	6	0	4
0	133	0	70	5	0	0
0	133	0	73	5	0	0
0	133	0	74	5	0	1
0	133	0	75	5	0	4
0	133	0	76	5	0	8
0	133	0	77	5	0	6
0	133	0	78	5	0	9
0	133	0	79	5	0	4
0	133	0	80	5	0	7
0	133	0	81	5	0	10
0	133	0	72	4	0	0
0	133	0	74	4	0	2
0	133	0	75	4	0	3
0	133	0	76	4	0	4
0	133	0	77	4	0	6
0	133	0	78	4	0	12
0	133	0	87	4	0	6
0	133	0	88	4	0	0
0	133	0	89	4	0	0
0	133	0	90	4	0	7
0	133	0	91	4	0	0
0	133	0	92	4	0	0
0	133	0	90	3	0	0
0	133	0	91	3	0	0
0	134	0	67	19	0	3
0	134	0	67	17	0	1
0	134	0	68	17	0	1
0	134	0	70	17	0	7
0	134	0	71	17	0	0
0	134	0	68	16	0	0
0	134	0	70	16	0	5
0	134	0	71	16	0	0
0	134	0	73	16	0	0
0	134	0	74	16	0	0
0	134	0	75	16	0	0
0	134	0	69	15	0	1
0	134	0	73	15	0	2
0	134	0	74	15	0	3
0	134	0	75	15	0	0
0	134	0	76	15	0	0
0	134	0	77	15	0	3
0	134	0	71	14	0	5
0	134	0	73	14	0	1
0	134	0	74	14	0	3
0	134	0	76	14	0	0
0	134	0	77	14	0	7
0	134	0	70	13	0	5
0	134	0	71	13	0	1
0	134	0	72	13	0	3
0	134	0	73	13	0	3
0	134	0	74	13	0	2
0	134	0	75	13	0	1
0	134	0	76	13	0	0
0	134	0	77	13	0	1
0	134	0	78	13	0	0
0	134	0	68	12	0	2
0	134	0	69	12	0	2
0	134	0	70	12	0	0
0	134	0	71	12	0	1
0	134	0	72	12	0	11
0	134	0	73	12	0	7
0	134	0	74	12	0	5
0	134	0	75	12	0	7
0	134	0	76	12	0	3
0	134	0	77	12	0	7
0	134	0	78	12	0	4
0	134	0	79	12	0	1
0	134	0	68	11	0	2
0	134	0	69	11	0	5
0	134	0	70	11	0	1
0	134	0	72	11	0	1
0	134	0	73	11	0	0
0	134	0	74	11	0	0
0	134	0	75	11	0	9
0	134	0	76	11	0	3
0	134	0	77	11	0	7
0	134	0	78	11	0	7
0	134	0	79	11	0	9
0	134	0	80	11	0	7
0	134	0	70	10	0	0
0	134	0	71	10	0	3
0	134	0	72	10	0	4
0	134	0	73	10	0	0
0	134	0	74	10	0	6
0	134	0	75	10	0	3
0	134	0	76	10	0	3
0	134	0	77	10	0	0
0	134	0	78	10	0	5
0	134	0	79	10	0	4
0	134	0	80	10	0	11
0	134	0	81	10	0	4
0	134	0	68	9	0	2
0	134	0	71	9	0	4
0	134	0	72	9	0	3
0	134	0	73	9	0	0
0	134	0	74	9	0	3
0	134	0	75	9	0	3
0	134	0	76	9	0	4
0	134	0	77	9	0	5
0	134	0	78	9	0	3
0	134	0	79	9	0	10
0	134	0	80	9	0	17
0	134	0	81	9	0	8
0	134	0	70	8	0	0
0	134	0	71	8	0	2
0	134	0	72	8	0	0
0	134	0	73	8	0	6
0	134	0	74	8	0	9
0	134	0	75	8	0	2
0	134	0	76	8	0	0
0	134	0	77	8	0	11
0	134	0	78	8	0	13
0	134	0	79	8	0	9
0	134	0	80	8	0	8
0	134	0	81	8	0	14
0	134	0	68	7	0	0
0	134	0	72	7	0	0
0	134	0	73	7	0	7
0	134	0	74	7	0	6
0	134	0	75	7	0	3
0	134	0	76	7	0	4
0	134	0	77	7	0	9
0	134	0	78	7	0	6
0	134	0	79	7	0	4
0	134	0	80	7	0	5
0	134	0	81	7	0	5
0	134	0	73	6	0	7
0	134	0	74	6	0	0
0	134	0	75	6	0	6
0	134	0	76	6	0	8
0	134	0	77	6	0	8
0	134	0	78	6	0	2
0	134	0	79	6	0	4
0	134	0	80	6	0	6
0	134	0	70	5	0	0
0	134	0	73	5	0	0
0	134	0	74	5	0	4
0	134	0	75	5	0	7
0	134	0	76	5	0	5
0	134	0	77	5	0	4
0	134	0	78	5	0	15
0	134	0	79	5	0	3
0	134	0	80	5	0	7
0	134	0	81	5	0	6
0	134	0	72	4	0	0
0	134	0	74	4	0	3
0	134	0	75	4	0	1
0	134	0	76	4	0	8
0	134	0	77	4	0	3
0	134	0	78	4	0	12
0	134	0	87	4	0	3
0	134	0	88	4	0	0
0	134	0	89	4	0	0
0	134	0	90	4	0	7
0	134	0	91	4	0	0
0	134	0	92	4	0	0
0	134	0	90	3	0	0
0	134	0	91	3	0	0
0	135	0	67	19	0	2
0	135	0	63	17	0	1
0	135	0	67	17	0	2
0	135	0	68	17	0	3
0	135	0	69	17	0	1
0	135	0	70	17	0	5
0	135	0	71	17	0	0
0	135	0	68	16	0	0
0	135	0	70	16	0	4
0	135	0	71	16	0	0
0	135	0	73	16	0	0
0	135	0	74	16	0	0
0	135	0	75	16	0	0
0	135	0	69	15	0	0
0	135	0	73	15	0	1
0	135	0	74	15	0	4
0	135	0	75	15	0	0
0	135	0	76	15	0	0
0	135	0	77	15	0	3
0	135	0	71	14	0	5
0	135	0	73	14	0	0
0	135	0	74	14	0	5
0	135	0	76	14	0	0
0	135	0	77	14	0	8
0	135	0	70	13	0	6
0	135	0	71	13	0	1
0	135	0	72	13	0	0
0	135	0	73	13	0	1
0	135	0	74	13	0	3
0	135	0	75	13	0	2
0	135	0	76	13	0	2
0	135	0	77	13	0	1
0	135	0	78	13	0	0
0	135	0	68	12	0	7
0	135	0	69	12	0	6
0	135	0	70	12	0	0
0	135	0	71	12	0	4
0	135	0	72	12	0	9
0	135	0	73	12	0	5
0	135	0	74	12	0	15
0	135	0	75	12	0	8
0	135	0	76	12	0	4
0	135	0	77	12	0	10
0	135	0	78	12	0	4
0	135	0	79	12	0	3
0	135	0	67	11	0	1
0	135	0	68	11	0	6
0	135	0	69	11	0	5
0	135	0	70	11	0	1
0	135	0	72	11	0	2
0	135	0	73	11	0	1
0	135	0	74	11	0	1
0	135	0	75	11	0	4
0	135	0	76	11	0	5
0	135	0	77	11	0	6
0	135	0	78	11	0	13
0	135	0	79	11	0	10
0	135	0	80	11	0	9
0	135	0	68	10	0	1
0	135	0	70	10	0	0
0	135	0	71	10	0	6
0	135	0	72	10	0	1
0	135	0	73	10	0	2
0	135	0	74	10	0	7
0	135	0	75	10	0	5
0	135	0	76	10	0	6
0	135	0	77	10	0	0
0	135	0	78	10	0	2
0	135	0	79	10	0	8
0	135	0	80	10	0	4
0	135	0	81	10	0	5
0	135	0	68	9	0	3
0	135	0	71	9	0	6
0	135	0	72	9	0	4
0	135	0	73	9	0	2
0	135	0	74	9	0	7
0	135	0	75	9	0	3
0	135	0	76	9	0	5
0	135	0	77	9	0	3
0	135	0	78	9	0	3
0	135	0	79	9	0	8
0	135	0	80	9	0	16
0	135	0	81	9	0	5
0	135	0	70	8	0	0
0	135	0	71	8	0	2
0	135	0	72	8	0	1
0	135	0	73	8	0	7
0	135	0	74	8	0	5
0	135	0	75	8	0	2
0	135	0	76	8	0	0
0	135	0	77	8	0	8
0	135	0	78	8	0	6
0	135	0	79	8	0	7
0	135	0	80	8	0	7
0	135	0	81	8	0	11
0	135	0	68	7	0	0
0	135	0	72	7	0	0
0	135	0	73	7	0	8
0	135	0	74	7	0	6
0	135	0	75	7	0	2
0	135	0	76	7	0	6
0	135	0	77	7	0	6
0	135	0	78	7	0	11
0	135	0	79	7	0	6
0	135	0	80	7	0	4
0	135	0	81	7	0	5
0	135	0	73	6	0	6
0	135	0	74	6	0	1
0	135	0	75	6	0	4
0	135	0	76	6	0	6
0	135	0	77	6	0	13
0	135	0	78	6	0	5
0	135	0	79	6	0	14
0	135	0	80	6	0	1
0	135	0	70	5	0	0
0	135	0	73	5	0	0
0	135	0	74	5	0	5
0	135	0	75	5	0	6
0	135	0	76	5	0	6
0	135	0	77	5	0	3
0	135	0	78	5	0	13
0	135	0	79	5	0	5
0	135	0	80	5	0	13
0	135	0	81	5	0	9
0	135	0	72	4	0	0
0	135	0	73	4	0	1
0	135	0	74	4	0	0
0	135	0	75	4	0	1
0	135	0	76	4	0	6
0	135	0	77	4	0	1
0	135	0	78	4	0	11
0	135	0	87	4	0	1
0	135	0	88	4	0	0
0	135	0	89	4	0	0
0	135	0	90	4	0	8
0	135	0	91	4	0	0
0	135	0	92	4	0	0
0	135	0	90	3	0	0
0	135	0	91	3	0	0
0	136	0	67	19	0	3
0	136	0	63	17	0	0
0	136	0	67	17	0	3
0	136	0	68	17	0	1
0	136	0	69	17	0	3
0	136	0	70	17	0	7
0	136	0	71	17	0	0
0	136	0	68	16	0	0
0	136	0	70	16	0	4
0	136	0	71	16	0	1
0	136	0	73	16	0	0
0	136	0	74	16	0	0
0	136	0	75	16	0	0
0	136	0	69	15	0	0
0	136	0	70	15	0	1
0	136	0	71	15	0	1
0	136	0	73	15	0	2
0	136	0	74	15	0	7
0	136	0	75	15	0	0
0	136	0	76	15	0	0
0	136	0	77	15	0	6
0	136	0	68	14	0	1
0	136	0	71	14	0	6
0	136	0	73	14	0	0
0	136	0	74	14	0	6
0	136	0	75	14	0	1
0	136	0	76	14	0	0
0	136	0	77	14	0	9
0	136	0	70	13	0	7
0	136	0	71	13	0	0
0	136	0	72	13	0	0
0	136	0	73	13	0	0
0	136	0	74	13	0	2
0	136	0	75	13	0	4
0	136	0	76	13	0	2
0	136	0	77	13	0	2
0	136	0	78	13	0	0
0	136	0	68	12	0	9
0	136	0	69	12	0	8
0	136	0	70	12	0	0
0	136	0	71	12	0	4
0	136	0	72	12	0	10
0	136	0	73	12	0	8
0	136	0	74	12	0	18
0	136	0	75	12	0	10
0	136	0	76	12	0	11
0	136	0	77	12	0	10
0	136	0	78	12	0	1
0	136	0	79	12	0	4
0	136	0	67	11	0	2
0	136	0	68	11	0	8
0	136	0	69	11	0	5
0	136	0	70	11	0	3
0	136	0	72	11	0	4
0	136	0	73	11	0	1
0	136	0	74	11	0	0
0	136	0	75	11	0	4
0	136	0	76	11	0	8
0	136	0	77	11	0	4
0	136	0	78	11	0	17
0	136	0	79	11	0	13
0	136	0	80	11	0	12
0	136	0	68	10	0	1
0	136	0	70	10	0	0
0	136	0	71	10	0	8
0	136	0	72	10	0	2
0	136	0	73	10	0	5
0	136	0	74	10	0	12
0	136	0	75	10	0	6
0	136	0	76	10	0	12
0	136	0	77	10	0	2
0	136	0	78	10	0	3
0	136	0	79	10	0	9
0	136	0	80	10	0	4
0	136	0	81	10	0	5
0	136	0	66	9	0	1
0	136	0	68	9	0	1
0	136	0	71	9	0	11
0	136	0	72	9	0	2
0	136	0	73	9	0	0
0	136	0	74	9	0	12
0	136	0	75	9	0	4
0	136	0	76	9	0	5
0	136	0	77	9	0	5
0	136	0	78	9	0	3
0	136	0	79	9	0	8
0	136	0	80	9	0	11
0	136	0	81	9	0	7
0	136	0	66	8	0	1
0	136	0	70	8	0	0
0	136	0	71	8	0	4
0	136	0	72	8	0	1
0	136	0	73	8	0	8
0	136	0	74	8	0	9
0	136	0	75	8	0	5
0	136	0	76	8	0	1
0	136	0	77	8	0	14
0	136	0	78	8	0	8
0	136	0	79	8	0	5
0	136	0	80	8	0	10
0	136	0	81	8	0	11
0	136	0	68	7	0	0
0	136	0	72	7	0	0
0	136	0	73	7	0	7
0	136	0	74	7	0	8
0	136	0	75	7	0	3
0	136	0	76	7	0	10
0	136	0	77	7	0	6
0	136	0	78	7	0	15
0	136	0	79	7	0	7
0	136	0	80	7	0	6
0	136	0	81	7	0	5
0	136	0	72	6	0	1
0	136	0	73	6	0	6
0	136	0	74	6	0	1
0	136	0	75	6	0	2
0	136	0	76	6	0	7
0	136	0	77	6	0	8
0	136	0	78	6	0	7
0	136	0	79	6	0	15
0	136	0	80	6	0	2
0	136	0	70	5	0	0
0	136	0	73	5	0	0
0	136	0	74	5	0	5
0	136	0	75	5	0	4
0	136	0	76	5	0	11
0	136	0	77	5	0	6
0	136	0	78	5	0	6
0	136	0	79	5	0	6
0	136	0	80	5	0	11
0	136	0	81	5	0	9
0	136	0	72	4	0	0
0	136	0	73	4	0	1
0	136	0	74	4	0	1
0	136	0	75	4	0	2
0	136	0	76	4	0	6
0	136	0	77	4	0	1
0	136	0	78	4	0	9
0	136	0	87	4	0	0
0	136	0	88	4	0	0
0	136	0	89	4	0	0
0	136	0	90	4	0	10
0	136	0	91	4	0	0
0	136	0	92	4	0	0
0	136	0	90	3	0	1
0	136	0	91	3	0	0
0	137	0	67	19	0	5
0	137	0	63	17	0	0
0	137	0	67	17	0	1
0	137	0	68	17	0	0
0	137	0	69	17	0	3
0	137	0	70	17	0	9
0	137	0	71	17	0	0
0	137	0	68	16	0	0
0	137	0	70	16	0	3
0	137	0	71	16	0	1
0	137	0	73	16	0	0
0	137	0	74	16	0	0
0	137	0	75	16	0	0
0	137	0	69	15	0	0
0	137	0	70	15	0	1
0	137	0	71	15	0	1
0	137	0	73	15	0	2
0	137	0	74	15	0	7
0	137	0	75	15	0	0
0	137	0	76	15	0	0
0	137	0	77	15	0	9
0	137	0	68	14	0	2
0	137	0	70	14	0	1
0	137	0	71	14	0	7
0	137	0	73	14	0	0
0	137	0	74	14	0	7
0	137	0	75	14	0	3
0	137	0	76	14	0	0
0	137	0	77	14	0	5
0	137	0	65	13	0	1
0	137	0	70	13	0	5
0	137	0	71	13	0	0
0	137	0	72	13	0	0
0	137	0	73	13	0	0
0	137	0	74	13	0	2
0	137	0	75	13	0	5
0	137	0	76	13	0	2
0	137	0	77	13	0	2
0	137	0	78	13	0	0
0	137	0	68	12	0	11
0	137	0	69	12	0	6
0	137	0	70	12	0	1
0	137	0	71	12	0	4
0	137	0	72	12	0	8
0	137	0	73	12	0	9
0	137	0	74	12	0	11
0	137	0	75	12	0	11
0	137	0	76	12	0	16
0	137	0	77	12	0	7
0	137	0	78	12	0	1
0	137	0	79	12	0	4
0	137	0	67	11	0	3
0	137	0	68	11	0	6
0	137	0	69	11	0	5
0	137	0	70	11	0	6
0	137	0	72	11	0	4
0	137	0	73	11	0	6
0	137	0	74	11	0	2
0	137	0	75	11	0	5
0	137	0	76	11	0	6
0	137	0	77	11	0	4
0	137	0	78	11	0	7
0	137	0	79	11	0	14
0	137	0	80	11	0	13
0	137	0	65	10	0	1
0	137	0	68	10	0	1
0	137	0	69	10	0	1
0	137	0	70	10	0	1
0	137	0	71	10	0	5
0	137	0	72	10	0	4
0	137	0	73	10	0	9
0	137	0	74	10	0	10
0	137	0	75	10	0	15
0	137	0	76	10	0	10
0	137	0	77	10	0	1
0	137	0	78	10	0	3
0	137	0	79	10	0	7
0	137	0	80	10	0	1
0	137	0	81	10	0	7
0	137	0	66	9	0	1
0	137	0	68	9	0	1
0	137	0	71	9	0	14
0	137	0	72	9	0	6
0	137	0	73	9	0	0
0	137	0	74	9	0	9
0	137	0	75	9	0	9
0	137	0	76	9	0	5
0	137	0	77	9	0	8
0	137	0	78	9	0	8
0	137	0	79	9	0	11
0	137	0	80	9	0	13
0	137	0	81	9	0	6
0	137	0	66	8	0	0
0	137	0	70	8	0	0
0	137	0	71	8	0	4
0	137	0	72	8	0	2
0	137	0	73	8	0	8
0	137	0	74	8	0	8
0	137	0	75	8	0	7
0	137	0	76	8	0	3
0	137	0	77	8	0	15
0	137	0	78	8	0	12
0	137	0	79	8	0	6
0	137	0	80	8	0	7
0	137	0	81	8	0	11
0	137	0	68	7	0	0
0	137	0	70	7	0	1
0	137	0	72	7	0	0
0	137	0	73	7	0	6
0	137	0	74	7	0	7
0	137	0	75	7	0	7
0	137	0	76	7	0	4
0	137	0	77	7	0	15
0	137	0	78	7	0	12
0	137	0	79	7	0	6
0	137	0	80	7	0	4
0	137	0	81	7	0	5
0	137	0	72	6	0	1
0	137	0	73	6	0	6
0	137	0	74	6	0	2
0	137	0	75	6	0	3
0	137	0	76	6	0	4
0	137	0	77	6	0	6
0	137	0	78	6	0	6
0	137	0	79	6	0	16
0	137	0	80	6	0	2
0	137	0	70	5	0	0
0	137	0	71	5	0	1
0	137	0	73	5	0	0
0	137	0	74	5	0	6
0	137	0	75	5	0	3
0	137	0	76	5	0	6
0	137	0	77	5	0	8
0	137	0	78	5	0	10
0	137	0	79	5	0	7
0	137	0	80	5	0	9
0	137	0	81	5	0	8
0	137	0	72	4	0	0
0	137	0	73	4	0	1
0	137	0	74	4	0	0
0	137	0	75	4	0	3
0	137	0	76	4	0	4
0	137	0	77	4	0	2
0	137	0	78	4	0	5
0	137	0	87	4	0	0
0	137	0	88	4	0	0
0	137	0	89	4	0	0
0	137	0	90	4	0	12
0	137	0	91	4	0	0
0	137	0	92	4	0	0
0	137	0	90	3	0	0
0	137	0	91	3	0	0
0	138	0	67	19	0	1
0	138	0	63	17	0	0
0	138	0	67	17	0	0
0	138	0	68	17	0	0
0	138	0	69	17	0	3
0	138	0	70	17	0	8
0	138	0	71	17	0	0
0	138	0	68	16	0	0
0	138	0	69	16	0	1
0	138	0	70	16	0	4
0	138	0	71	16	0	3
0	138	0	73	16	0	0
0	138	0	74	16	0	0
0	138	0	75	16	0	0
0	138	0	65	15	0	1
0	138	0	69	15	0	1
0	138	0	70	15	0	1
0	138	0	71	15	0	2
0	138	0	73	15	0	1
0	138	0	74	15	0	9
0	138	0	75	15	0	1
0	138	0	76	15	0	0
0	138	0	77	15	0	5
0	138	0	68	14	0	2
0	138	0	70	14	0	1
0	138	0	71	14	0	5
0	138	0	73	14	0	2
0	138	0	74	14	0	4
0	138	0	75	14	0	3
0	138	0	76	14	0	1
0	138	0	77	14	0	3
0	138	0	65	13	0	3
0	138	0	67	13	0	1
0	138	0	69	13	0	2
0	138	0	70	13	0	5
0	138	0	71	13	0	0
0	138	0	72	13	0	0
0	138	0	73	13	0	1
0	138	0	74	13	0	4
0	138	0	75	13	0	3
0	138	0	76	13	0	4
0	138	0	77	13	0	0
0	138	0	78	13	0	2
0	138	0	68	12	0	9
0	138	0	69	12	0	5
0	138	0	70	12	0	3
0	138	0	71	12	0	3
0	138	0	72	12	0	7
0	138	0	73	12	0	8
0	138	0	74	12	0	8
0	138	0	75	12	0	8
0	138	0	76	12	0	11
0	138	0	77	12	0	2
0	138	0	78	12	0	0
0	138	0	79	12	0	3
0	138	0	67	11	0	6
0	138	0	68	11	0	6
0	138	0	69	11	0	2
0	138	0	70	11	0	5
0	138	0	72	11	0	4
0	138	0	73	11	0	8
0	138	0	74	11	0	1
0	138	0	75	11	0	9
0	138	0	76	11	0	7
0	138	0	77	11	0	3
0	138	0	78	11	0	11
0	138	0	79	11	0	12
0	138	0	80	11	0	11
0	138	0	65	10	0	0
0	138	0	68	10	0	2
0	138	0	69	10	0	1
0	138	0	70	10	0	1
0	138	0	71	10	0	8
0	138	0	72	10	0	11
0	138	0	73	10	0	14
0	138	0	74	10	0	12
0	138	0	75	10	0	11
0	138	0	76	10	0	7
0	138	0	77	10	0	4
0	138	0	78	10	0	8
0	138	0	79	10	0	14
0	138	0	80	10	0	2
0	138	0	81	10	0	7
0	138	0	66	9	0	0
0	138	0	68	9	0	2
0	138	0	71	9	0	13
0	138	0	72	9	0	11
0	138	0	73	9	0	0
0	138	0	74	9	0	10
0	138	0	75	9	0	9
0	138	0	76	9	0	8
0	138	0	77	9	0	8
0	138	0	78	9	0	11
0	138	0	79	9	0	6
0	138	0	80	9	0	13
0	138	0	81	9	0	6
0	138	0	66	8	0	0
0	138	0	70	8	0	0
0	138	0	71	8	0	8
0	138	0	72	8	0	1
0	138	0	73	8	0	15
0	138	0	74	8	0	4
0	138	0	75	8	0	7
0	138	0	76	8	0	9
0	138	0	77	8	0	11
0	138	0	78	8	0	11
0	138	0	79	8	0	4
0	138	0	80	8	0	8
0	138	0	81	8	0	5
0	138	0	68	7	0	0
0	138	0	70	7	0	2
0	138	0	72	7	0	1
0	138	0	73	7	0	7
0	138	0	74	7	0	5
0	138	0	75	7	0	5
0	138	0	76	7	0	6
0	138	0	77	7	0	12
0	138	0	78	7	0	14
0	138	0	79	7	0	10
0	138	0	80	7	0	5
0	138	0	81	7	0	8
0	138	0	66	6	0	1
0	138	0	72	6	0	1
0	138	0	73	6	0	5
0	138	0	74	6	0	2
0	138	0	75	6	0	4
0	138	0	76	6	0	9
0	138	0	77	6	0	10
0	138	0	78	6	0	12
0	138	0	79	6	0	6
0	138	0	80	6	0	2
0	138	0	70	5	0	0
0	138	0	71	5	0	0
0	138	0	73	5	0	1
0	138	0	74	5	0	3
0	138	0	75	5	0	2
0	138	0	76	5	0	2
0	138	0	77	5	0	5
0	138	0	78	5	0	11
0	138	0	79	5	0	6
0	138	0	80	5	0	8
0	138	0	81	5	0	11
0	138	0	72	4	0	0
0	138	0	73	4	0	2
0	138	0	74	4	0	0
0	138	0	75	4	0	4
0	138	0	76	4	0	11
0	138	0	77	4	0	3
0	138	0	78	4	0	13
0	138	0	87	4	0	0
0	138	0	88	4	0	0
0	138	0	89	4	0	0
0	138	0	90	4	0	7
0	138	0	91	4	0	0
0	138	0	92	4	0	0
0	138	0	90	3	0	0
0	138	0	91	3	0	0
0	139	0	67	19	0	1
0	139	0	63	17	0	0
0	139	0	67	17	0	0
0	139	0	68	17	0	0
0	139	0	69	17	0	3
0	139	0	70	17	0	11
0	139	0	71	17	0	0
0	139	0	68	16	0	0
0	139	0	69	16	0	1
0	139	0	70	16	0	5
0	139	0	71	16	0	5
0	139	0	73	16	0	1
0	139	0	74	16	0	0
0	139	0	75	16	0	1
0	139	0	65	15	0	0
0	139	0	68	15	0	1
0	139	0	69	15	0	0
0	139	0	70	15	0	0
0	139	0	71	15	0	0
0	139	0	73	15	0	3
0	139	0	74	15	0	10
0	139	0	75	15	0	3
0	139	0	76	15	0	0
0	139	0	77	15	0	7
0	139	0	68	14	0	2
0	139	0	70	14	0	0
0	139	0	71	14	0	9
0	139	0	72	14	0	1
0	139	0	73	14	0	3
0	139	0	74	14	0	5
0	139	0	75	14	0	2
0	139	0	76	14	0	2
0	139	0	77	14	0	2
0	139	0	65	13	0	2
0	139	0	67	13	0	1
0	139	0	69	13	0	1
0	139	0	70	13	0	6
0	139	0	71	13	0	1
0	139	0	72	13	0	1
0	139	0	73	13	0	1
0	139	0	74	13	0	11
0	139	0	75	13	0	1
0	139	0	76	13	0	7
0	139	0	77	13	0	2
0	139	0	78	13	0	3
0	139	0	68	12	0	5
0	139	0	69	12	0	5
0	139	0	70	12	0	3
0	139	0	71	12	0	2
0	139	0	72	12	0	9
0	139	0	73	12	0	10
0	139	0	74	12	0	11
0	139	0	75	12	0	10
0	139	0	76	12	0	13
0	139	0	77	12	0	2
0	139	0	78	12	0	0
0	139	0	79	12	0	4
0	139	0	66	11	0	1
0	139	0	67	11	0	10
0	139	0	68	11	0	6
0	139	0	69	11	0	6
0	139	0	70	11	0	4
0	139	0	72	11	0	6
0	139	0	73	11	0	9
0	139	0	74	11	0	7
0	139	0	75	11	0	9
0	139	0	76	11	0	9
0	139	0	77	11	0	3
0	139	0	78	11	0	9
0	139	0	79	11	0	12
0	139	0	80	11	0	12
0	139	0	65	10	0	0
0	139	0	68	10	0	4
0	139	0	69	10	0	2
0	139	0	70	10	0	2
0	139	0	71	10	0	6
0	139	0	72	10	0	13
0	139	0	73	10	0	16
0	139	0	74	10	0	7
0	139	0	75	10	0	8
0	139	0	76	10	0	6
0	139	0	77	10	0	7
0	139	0	78	10	0	11
0	139	0	79	10	0	13
0	139	0	80	10	0	2
0	139	0	81	10	0	6
0	139	0	66	9	0	0
0	139	0	68	9	0	1
0	139	0	71	9	0	13
0	139	0	72	9	0	8
0	139	0	73	9	0	0
0	139	0	74	9	0	11
0	139	0	75	9	0	14
0	139	0	76	9	0	8
0	139	0	77	9	0	12
0	139	0	78	9	0	8
0	139	0	79	9	0	2
0	139	0	80	9	0	11
0	139	0	81	9	0	6
0	139	0	66	8	0	0
0	139	0	70	8	0	0
0	139	0	71	8	0	5
0	139	0	72	8	0	4
0	139	0	73	8	0	12
0	139	0	74	8	0	4
0	139	0	75	8	0	7
0	139	0	76	8	0	12
0	139	0	77	8	0	7
0	139	0	78	8	0	9
0	139	0	79	8	0	4
0	139	0	80	8	0	7
0	139	0	81	8	0	2
0	139	0	68	7	0	0
0	139	0	69	7	0	1
0	139	0	70	7	0	5
0	139	0	72	7	0	3
0	139	0	73	7	0	3
0	139	0	74	7	0	7
0	139	0	75	7	0	6
0	139	0	76	7	0	4
0	139	0	77	7	0	11
0	139	0	78	7	0	13
0	139	0	79	7	0	11
0	139	0	80	7	0	5
0	139	0	81	7	0	6
0	139	0	66	6	0	2
0	139	0	72	6	0	2
0	139	0	73	6	0	11
0	139	0	74	6	0	1
0	139	0	75	6	0	5
0	139	0	76	6	0	5
0	139	0	77	6	0	13
0	139	0	78	6	0	11
0	139	0	79	6	0	3
0	139	0	80	6	0	1
0	139	0	70	5	0	1
0	139	0	71	5	0	0
0	139	0	72	5	0	1
0	139	0	73	5	0	2
0	139	0	74	5	0	2
0	139	0	75	5	0	4
0	139	0	76	5	0	3
0	139	0	77	5	0	4
0	139	0	78	5	0	6
0	139	0	79	5	0	7
0	139	0	80	5	0	9
0	139	0	81	5	0	10
0	139	0	72	4	0	0
0	139	0	73	4	0	3
0	139	0	74	4	0	0
0	139	0	75	4	0	4
0	139	0	76	4	0	5
0	139	0	77	4	0	5
0	139	0	78	4	0	8
0	139	0	87	4	0	0
0	139	0	88	4	0	0
0	139	0	89	4	0	0
0	139	0	90	4	0	7
0	139	0	91	4	0	0
0	139	0	92	4	0	0
0	139	0	90	3	0	0
0	139	0	91	3	0	0
0	140	0	67	19	0	0
0	140	0	63	17	0	0
0	140	0	67	17	0	0
0	140	0	68	17	0	0
0	140	0	69	17	0	5
0	140	0	70	17	0	10
0	140	0	71	17	0	1
0	140	0	68	16	0	0
0	140	0	69	16	0	1
0	140	0	70	16	0	4
0	140	0	71	16	0	4
0	140	0	73	16	0	1
0	140	0	74	16	0	0
0	140	0	75	16	0	2
0	140	0	61	15	0	1
0	140	0	65	15	0	0
0	140	0	68	15	0	2
0	140	0	69	15	0	0
0	140	0	70	15	0	1
0	140	0	71	15	0	0
0	140	0	72	15	0	2
0	140	0	73	15	0	6
0	140	0	74	15	0	4
0	140	0	75	15	0	0
0	140	0	76	15	0	0
0	140	0	77	15	0	5
0	140	0	67	14	0	1
0	140	0	68	14	0	2
0	140	0	70	14	0	0
0	140	0	71	14	0	10
0	140	0	72	14	0	2
0	140	0	73	14	0	4
0	140	0	74	14	0	4
0	140	0	75	14	0	2
0	140	0	76	14	0	5
0	140	0	77	14	0	2
0	140	0	65	13	0	1
0	140	0	67	13	0	1
0	140	0	69	13	0	1
0	140	0	70	13	0	7
0	140	0	71	13	0	0
0	140	0	72	13	0	1
0	140	0	73	13	0	1
0	140	0	74	13	0	9
0	140	0	75	13	0	4
0	140	0	76	13	0	8
0	140	0	77	13	0	6
0	140	0	78	13	0	3
0	140	0	68	12	0	2
0	140	0	69	12	0	5
0	140	0	70	12	0	5
0	140	0	71	12	0	3
0	140	0	72	12	0	14
0	140	0	73	12	0	6
0	140	0	74	12	0	13
0	140	0	75	12	0	8
0	140	0	76	12	0	12
0	140	0	77	12	0	3
0	140	0	78	12	0	0
0	140	0	79	12	0	4
0	140	0	66	11	0	1
0	140	0	67	11	0	6
0	140	0	68	11	0	5
0	140	0	69	11	0	5
0	140	0	70	11	0	6
0	140	0	72	11	0	7
0	140	0	73	11	0	12
0	140	0	74	11	0	8
0	140	0	75	11	0	12
0	140	0	76	11	0	6
0	140	0	77	11	0	5
0	140	0	78	11	0	13
0	140	0	79	11	0	8
0	140	0	80	11	0	14
0	140	0	65	10	0	0
0	140	0	66	10	0	2
0	140	0	68	10	0	5
0	140	0	69	10	0	8
0	140	0	70	10	0	4
0	140	0	71	10	0	5
0	140	0	72	10	0	10
0	140	0	73	10	0	13
0	140	0	74	10	0	8
0	140	0	75	10	0	5
0	140	0	76	10	0	12
0	140	0	77	10	0	10
0	140	0	78	10	0	16
0	140	0	79	10	0	7
0	140	0	80	10	0	5
0	140	0	81	10	0	6
0	140	0	65	9	0	1
0	140	0	66	9	0	0
0	140	0	68	9	0	0
0	140	0	71	9	0	14
0	140	0	72	9	0	9
0	140	0	73	9	0	0
0	140	0	74	9	0	5
0	140	0	75	9	0	8
0	140	0	76	9	0	6
0	140	0	77	9	0	9
0	140	0	78	9	0	10
0	140	0	79	9	0	1
0	140	0	80	9	0	16
0	140	0	81	9	0	8
0	140	0	66	8	0	0
0	140	0	70	8	0	0
0	140	0	71	8	0	4
0	140	0	72	8	0	5
0	140	0	73	8	0	10
0	140	0	74	8	0	3
0	140	0	75	8	0	8
0	140	0	76	8	0	16
0	140	0	77	8	0	11
0	140	0	78	8	0	9
0	140	0	79	8	0	9
0	140	0	80	8	0	6
0	140	0	81	8	0	3
0	140	0	68	7	0	0
0	140	0	69	7	0	1
0	140	0	70	7	0	4
0	140	0	71	7	0	2
0	140	0	72	7	0	3
0	140	0	73	7	0	3
0	140	0	74	7	0	8
0	140	0	75	7	0	12
0	140	0	76	7	0	3
0	140	0	77	7	0	11
0	140	0	78	7	0	11
0	140	0	79	7	0	11
0	140	0	80	7	0	6
0	140	0	81	7	0	9
0	140	0	66	6	0	1
0	140	0	68	6	0	1
0	140	0	72	6	0	2
0	140	0	73	6	0	5
0	140	0	74	6	0	2
0	140	0	75	6	0	4
0	140	0	76	6	0	5
0	140	0	77	6	0	13
0	140	0	78	6	0	7
0	140	0	79	6	0	2
0	140	0	80	6	0	2
0	140	0	70	5	0	2
0	140	0	71	5	0	0
0	140	0	72	5	0	0
0	140	0	73	5	0	2
0	140	0	74	5	0	4
0	140	0	75	5	0	6
0	140	0	76	5	0	4
0	140	0	77	5	0	4
0	140	0	78	5	0	5
0	140	0	79	5	0	5
0	140	0	80	5	0	7
0	140	0	81	5	0	14
0	140	0	67	4	0	1
0	140	0	72	4	0	0
0	140	0	73	4	0	5
0	140	0	74	4	0	0
0	140	0	75	4	0	3
0	140	0	76	4	0	8
0	140	0	77	4	0	5
0	140	0	78	4	0	6
0	140	0	87	4	0	0
0	140	0	88	4	0	0
0	140	0	89	4	0	0
0	140	0	90	4	0	4
0	140	0	91	4	0	0
0	140	0	92	4	0	0
0	140	0	75	3	0	1
0	140	0	90	3	0	0
0	140	0	91	3	0	0
