Rep	Year	RepSeason	NInds	NOccupCells	Occup/Suit	min_X	max_X	min_Y	max_Y
0	0	0	10	2	0.000625391	9000	9200	8200	8300
0	1	0	14	2	0.000625195	9000	9200	8200	8300
0	2	0	13	2	0.000625195	9000	9200	8200	8300
0	3	0	16	2	0.000625195	9000	9200	8200	8300
0	4	0	14	3	0.000937793	9000	9200	8100	8300
0	5	0	9	3	0.000937207	9000	9200	8100	8300
0	6	0	11	3	0.000937793	9000	9200	8100	8300
0	7	0	11	3	0.000938086	9000	9200	8100	8300
0	8	0	11	3	0.000937793	9000	9200	8100	8300
0	9	0	13	2	0.000625195	9000	9200	8200	8300
0	10	0	19	3	0.000937207	9000	9200	8000	8300
0	11	0	17	4	0.00124922	9000	9200	7900	8300
0	12	0	21	4	0.00124961	9000	9200	7900	8300
0	13	0	20	4	0.00124922	9000	9200	7900	8300
0	14	0	19	3	0.0009375	9000	9200	8000	8300
0	15	0	25	4	0.00125078	9000	9200	8000	8300
0	16	0	16	5	0.00156544	8900	9200	8000	8300
0	17	0	14	5	0.0015674	8900	9200	8000	8300
0	18	0	21	6	0.00188265	8900	9200	7900	8300
0	19	0	16	5	0.00156986	8800	9100	7900	8300
0	20	0	17	5	0.0015758	8800	9100	7900	8300
0	21	0	18	5	0.00157978	8800	9100	7900	8300
0	22	0	22	8	0.00253646	8800	9100	7800	8300
0	23	0	18	8	0.00254291	8800	9100	7800	8300
0	24	0	28	9	0.00288092	8800	9100	7700	8300
0	25	0	29	8	0.00256904	8800	9200	7700	8300
0	26	0	29	9	0.00290698	8800	9200	7500	8300
0	27	0	32	10	0.00323834	8800	9200	7500	8300
0	28	0	40	13	0.00422902	8800	9200	7600	8300
0	29	0	60	16	0.00521682	8800	9700	7600	8300
0	30	0	68	17	0.00555919	8800	9300	7400	8300
0	31	0	66	18	0.00589584	8800	9300	7400	8300
0	32	0	99	18	0.00591522	8800	9300	7400	8300
0	33	0	127	19	0.00625	8800	9300	7200	8300
0	34	0	121	21	0.00693069	8800	9300	7400	8300
0	35	0	113	21	0.00695595	8800	9300	7400	8300
0	36	0	119	23	0.00763866	8800	9300	7400	8300
0	37	0	121	23	0.00766411	8600	9300	7400	8300
0	38	0	128	25	0.00834446	8600	9300	7400	8300
0	39	0	137	25	0.0083612	8600	9500	7400	8300
0	40	0	157	25	0.00837802	8600	9300	7400	8300
0	41	0	167	27	0.00904826	8600	9300	7400	8300
0	42	0	168	27	0.00906344	8600	9300	7200	8300
0	43	0	193	30	0.0100739	8600	9300	7200	8300
0	44	0	183	32	0.0107599	8600	9300	7200	8300
0	45	0	188	34	0.0114401	8600	9300	7200	8300
0	46	0	190	39	0.0131357	8300	9400	7200	8300
0	47	0	217	41	0.0138233	8200	9400	7200	8300
0	48	0	233	44	0.0148348	8200	9400	7200	8300
0	49	0	247	45	0.0151771	8200	9500	6900	8300
0	50	0	270	49	0.0165206	8200	9500	6900	8300
0	51	0	292	51	0.0172239	8200	9500	6900	8300
0	52	0	324	55	0.0185811	8200	9500	6900	8300
0	53	0	338	60	0.020284	8200	9500	6900	8300
0	54	0	349	64	0.0216509	8200	9700	6900	8300
0	55	0	376	71	0.0240352	8200	9700	7000	8300
0	56	0	405	73	0.0247206	8200	10000	7000	8200
0	57	0	437	80	0.0271278	8200	9700	7000	8200
0	58	0	464	84	0.0285036	8200	9700	7000	8300
0	59	0	491	87	0.0295215	8100	9900	7000	8300
0	60	0	518	90	0.030581	8000	10000	6800	8300
0	61	0	516	97	0.032982	8000	10000	6800	8300
0	62	0	572	103	0.0350698	8000	10100	6700	8300
0	63	0	601	113	0.0385534	8000	10100	6700	8300
0	64	0	685	117	0.0399727	8000	10100	6500	8300
0	65	0	736	130	0.0445053	7900	10100	6500	8300
0	66	0	780	137	0.0470629	7700	10100	6500	8300
0	67	0	845	139	0.0478815	7800	10100	6500	8300
0	68	0	896	145	0.0500518	7900	10200	6500	8300
0	69	0	961	156	0.0539419	7900	10100	6500	8300
0	70	0	1005	166	0.0575989	7900	10100	6500	8300
0	71	0	1080	168	0.0584755	7900	10200	6600	8300
0	72	0	1102	180	0.0630252	7900	10200	6500	8300
0	73	0	1166	182	0.0640619	7900	10300	6500	8300
0	74	0	1186	187	0.0661245	7900	10300	6500	8300
0	75	0	1261	194	0.06899	7900	10300	6400	8300
0	76	0	1220	197	0.0705335	7700	10300	6400	8300
0	77	0	1197	200	0.0718907	7900	10300	6400	8300
0	78	0	1255	210	0.0756484	7900	10300	6300	8300
0	79	0	1333	213	0.077118	7900	10300	6300	8300
0	80	0	1365	214	0.0778182	7800	10300	6300	8300
0	81	0	1413	216	0.079034	7700	10300	6300	8300
0	82	0	1457	221	0.0811903	7700	10300	6300	8300
0	83	0	1467	222	0.0819491	7700	10300	6300	8300
0	84	0	1474	228	0.0842261	7500	10300	5900	8300
0	85	0	1519	229	0.0849722	7500	10300	5900	8300
0	86	0	1666	239	0.0889137	7500	10300	5900	8300
0	87	0	1704	242	0.0901975	7500	10400	5900	8300
0	88	0	1591	243	0.0907733	7500	10400	5900	8300
0	89	0	1676	250	0.0935979	7500	10400	6100	8300
0	90	0	1760	252	0.0945591	7500	10400	6100	8300
0	91	0	1767	259	0.097405	7500	10400	6100	8300
0	92	0	1859	259	0.0975518	7500	10400	6100	8300
0	93	0	1796	264	0.0996602	7500	10400	6100	8300
0	94	0	1796	264	0.099811	7500	10400	6000	8300
0	95	0	1874	267	0.10106	7500	10400	6000	8300
0	96	0	1927	274	0.103827	7500	10400	6000	8300
0	97	0	2052	285	0.108036	7400	10400	5900	8300
0	98	0	2095	291	0.110562	7400	10700	5900	8300
0	99	0	2183	290	0.110266	7400	10700	5900	8300
0	100	0	2211	298	0.113481	7400	10400	5900	8300
0	101	0	2255	308	0.117512	7400	10700	5800	8300
0	102	0	2155	306	0.116972	7400	10700	5800	8300
0	103	0	2166	309	0.11821	7400	10700	5900	8300
0	104	0	2246	315	0.12069	7300	10700	5700	8300
0	105	0	2270	324	0.12452	7300	10700	5700	8300
0	106	0	2335	327	0.125866	7300	10700	5700	8300
0	107	0	2346	330	0.127217	7300	10700	5700	8300
0	108	0	2394	335	0.129544	7300	10700	5900	8300
0	109	0	2457	342	0.132661	7300	10700	5700	8300
0	110	0	2456	343	0.133515	7300	10700	5700	8300
0	111	0	2491	345	0.134818	7100	10700	5700	8300
0	112	0	2529	352	0.137823	7200	10800	5700	8300
0	113	0	2674	356	0.139772	7200	10800	5700	8300
0	114	0	2743	356	0.140102	7200	10800	5700	8300
0	115	0	2689	355	0.140095	7200	10800	5700	8300
0	116	0	2770	364	0.143817	7200	10800	5700	8300
0	117	0	2828	364	0.144158	7200	10800	5700	8300
0	118	0	2765	372	0.147736	7000	10800	5600	8300
0	119	0	2718	369	0.147012	7000	10800	5600	8300
0	120	0	2697	365	0.145709	7000	10800	5600	8300
0	121	0	2615	364	0.1456	7000	10800	5600	8300
0	122	0	2550	368	0.147613	7000	10800	5600	8300
0	123	0	2583	362	0.145615	7000	10800	5600	8300
0	124	0	2639	368	0.148567	7000	10800	5600	8300
0	125	0	2666	361	0.146272	7000	10800	5600	8300
0	126	0	2622	366	0.148358	7000	10800	5600	8300
0	127	0	2702	361	0.146748	7000	10800	5600	8300
0	128	0	2692	357	0.145418	7000	10800	5600	8300
0	129	0	2730	363	0.148103	7000	10800	5600	8300
0	130	0	2650	362	0.147755	7000	10800	5600	8300
0	131	0	2623	359	0.14683	7000	10800	5600	8300
0	132	0	2645	364	0.149119	7000	10800	5600	8300
0	133	0	2738	363	0.149015	7000	10800	5600	8300
0	134	0	2782	368	0.151565	7000	10800	5600	8300
0	135	0	2775	366	0.151302	7000	10800	5600	8300
0	136	0	2763	367	0.15203	7000	10800	5600	8300
0	137	0	2726	369	0.153049	7000	10800	5600	8300
0	138	0	2770	369	0.153176	7000	10800	5600	8300
0	139	0	2781	371	0.154777	7000	10800	5600	8300
0	140	0	2820	373	0.155611	7000	10800	5600	8300
